10
20
28 40 59 22 25 59 33 22 40 47 59 45 51 38 27 28 48 40 53 20
0 0 7
1 6 9
2 5 0 1 3
3 3 1
4 8 3 6
5 6 2 7
6 2 3
7 1 0 7
8 9 1 0
9 5 0 7
10 8 4 0
11 8 3
12 6 9
13 6 9
14 4 2
15 9 1 0 4
16 8 3
17 4 0 7
18 9 1
19 6 2 4
12
14 11 16 14 25 24 27 20 26 12 12 27
6
0 : 9 11 : 6 3
1 : 9 10 : 3 5 : 0 1 : 2 11 : 7 4 : 8 6
2 : 11 9 : 5 4
3 : 8 1 : 5 11 : 0 2 : 9 4 : 7 6 : 3 10
4 : 8 4 : 11 3
5 : 7 6 : 4 9 : 1 5 : 2 0
100
0 57 159
1 60 125 62 147 144 152
2 81 138
3 188 72 70 109 85 107
4 62 85
5 188 151 93 70
0 0 1 3 4 5 7 9 10 11
1 0 2 3 6 7 8 9 10
2 0 1 2 3 4 5 6 7 8 10 11
3 0 2 4 5 7 9
4 2 3 4 5 7 8 11
5 0 2 4
6 2 4
7 1 2 4 6 10
8 0 1 2 5 6 7 9 11
9 7 10 11
