100
6 18 3 12 15 5 18 6 9 14 2 11 8 5 19 20 15 5 3 19 5 8 4 8 6 11 15 16 12 4 14 14 17 2 13 8 4 17 4 20 6 13 14 18 14 14 15 20 2 6 9 3 10 8 13 10 15 11 10 20 17 10 12 6 12 15 11 19 17 6 19 11 16 19 19 16 4 12 11 13 4 14 7 3 18 20 3 7 10 20 14 13 7 13 8 16 6 11 3 11 
17 5
49 36
1 36
48 31
45 0
9 23
30 41
49 46
46 30
30 49
48 16
26 47
24 17
22 15
49 39
19 39
43 22
10 3
38 45
13 47
18 33
7 5
0 38
36 13
41 14
48 31
23 24
33 27
30 49
46 41
23 43
45 0
3 36
0 15
41 29
49 33
14 36
7 39
37 15
7 39
18 10
24 6
34 37
27 32
3 32
17 18
43 18
46 12
41 28
14 30
26 35
45 49
44 9
9 1
48 43
23 1
27 17
38 40
43 13
6 26
15 43
21 27
42 23
40 44
47 26
6 38
29 34
22 32
19 43
18 46
10 32
27 39
11 37
7 18
0 6
40 0
20 29
6 31
3 48
42 6
9 24
35 12
35 0
8 49
17 34
24 42
33 10
36 8
2 6
17 2
33 35
4 33
36 24
39 18
14 34
6 49
4 16
31 39
3 20
23 43
9
192
0 1
1 0
0 2
2 0
0 4
4 0
0 5
5 0
0 7
7 0
0 10
10 0
0 11
11 0
0 14
14 0
0 17
17 0
0 20
20 0
0 29
29 0
0 35
35 0
0 43
43 0
0 44
44 0
0 45
45 0
0 48
48 0
1 3
3 1
1 9
9 1
1 10
10 1
1 12
12 1
1 14
14 1
1 15
15 1
1 21
21 1
2 3
3 2
2 4
4 2
2 6
6 2
2 7
7 2
2 11
11 2
2 13
13 2
2 19
19 2
2 24
24 2
2 25
25 2
2 30
30 2
2 37
37 2
2 39
39 2
2 42
42 2
2 43
43 2
3 6
6 3
3 8
8 3
3 20
20 3
3 27
27 3
3 28
28 3
3 48
48 3
3 49
49 3
4 5
5 4
4 8
8 4
4 19
19 4
4 31
31 4
5 18
18 5
5 27
27 5
6 9
9 6
6 16
16 6
6 30
30 6
6 37
37 6
7 23
23 7
8 22
22 8
8 23
23 8
8 24
24 8
8 34
34 8
8 40
40 8
9 12
12 9
9 16
16 9
9 18
18 9
9 31
31 9
9 36
36 9
9 41
41 9
9 46
46 9
10 13
13 10
10 15
15 10
10 25
25 10
10 36
36 10
12 45
45 12
13 29
29 13
14 17
17 14
14 21
21 14
14 22
22 14
14 26
26 14
14 33
33 14
14 35
35 14
14 44
44 14
14 49
49 14
16 39
39 16
19 34
34 19
19 42
42 19
24 26
26 24
24 38
38 24
25 28
28 25
29 33
33 29
29 46
46 29
30 32
32 30
31 32
32 31
34 40
40 34
34 47
47 34
37 38
38 37
37 41
41 37
46 47
47 46
