50
100
6 18 3 12 15 5 18 6 9 14 2 11 8 5 19 20 15 5 3 19 5 8 4 8 6 11 15 16 12 4 14 14 17 2 13 8 4 17 4 20 6 13 14 18 14 14 15 20 2 6 9 3 10 8 13 10 15 11 10 20 17 10 12 6 12 15 11 19 17 6 19 11 16 19 19 16 4 12 11 13 4 14 7 3 18 20 3 7 10 20 14 13 7 13 8 16 6 11 3 11
0 17 0 5
1 49 3 1 9 36
2 1 9 36
3 48 0 4 31
4 45 0
5 9 1 3 8 23
6 30 6 9 41
7 49 3 1 9 46
8 46 9 6 30
9 30 2 3 49
10 48 3 6 16
11 26 24 8 34 47
12 24 2 0 17
13 22 14 1 15
14 49 3 2 39
15 19 2 39
16 43 0 14 22
17 10 1 3
18 38 24 2 0 45
19 13 29 46 47
20 18 5 0 29 33
21 7 0 5
22 0 2 24 38
23 36 10 13
24 41 9 1 14
25 48 0 4 31
26 23 8 24
27 33 14 1 3 27
28 30 2 3 49
29 46 9 41
30 23 7 0 43
31 45 0
32 3 1 9 36
33 0 1 15
34 41 9 46 29
35 49 14 33
36 14 1 9 36
37 7 2 39
38 37 2 0 1 15
39 7 2 39
40 18 9 1 10
41 24 2 6
42 34 19 2 37
43 27 3 2 30 32
44 3 2 30 32
45 17 0 5 18
46 43 0 5 18
47 46 9 12
48 41 37 2 25 28
49 14 0 2 30
50 26 14 35
51 45 0 14 49
52 44 0 1 9
53 9 1
54 48 0 43
55 23 8 3 1
56 27 5 0 17
57 38 24 8 40
58 43 2 13
59 6 2 24 26
60 15 1 0 43
61 21 1 3 27
62 42 2 7 23
63 40 8 4 0 44
64 47 34 8 24 26
65 6 37 38
66 29 46 47 34
67 22 8 4 31 32
68 19 2 43
69 18 9 46
70 10 0 2 30 32
71 27 3 2 39
72 11 2 37
73 7 0 5 18
74 0 2 6
75 40 8 4 0
76 20 0 29
77 6 9 31
78 3 48
79 42 2 6
80 9 6 2 24
81 35 0 1 12
82 35 0
83 8 3 49
84 17 0 4 8 34
85 24 2 42
86 33 29 0 10
87 36 9 1 3 8
88 2 6
89 17 0 2
90 33 14 35
91 4 0 29 33
92 36 10 0 2 24
93 39 16 9 18
94 14 22 8 34
95 6 3 49
96 4 31 9 16
97 31 9 16 39
98 3 20
99 23 7 0 43
16
8 3 7 7 3 3 9 9 9 3 8 5 2 8 5 7
8
0 : 2 4 : 10 0 : 3
1 : 1 : 10 : 15 : 5
2 : 0 3 : 14 13 : 4 : 10 5 : 4 9 : 11
3 : 11 3 : 7
4 : 6 : 1 : 2 9 : 7 15 : 0 14 : 11 : 3 2
5 : 7 : 9 : 12 : 13 : 4
6 : 3 15 : 5 : 10 12 : 15 7 : 9
7 : 3 2 : 2 5 : 8 : 2 12
100
0 150 135 177
1 141 170 75 135
2 141 153 160 171 193 71
3 154 163
4 139 197 117 68 105 61 152
5 72 122 198 187 163
6 55 159 166 108 197
7 142 93 112 176
0 1 6
1 2 8 14
2 0 4 5 6 9 10 11 14 15
3 0 1 2 4 5 6 7 9 11 12 13 14 15
4 1 2 4 8 10 11 13
5 1 3 4 8 9 10 13 15
6 4 11
7 0 1 3 4 6 7 8 11 12 13 15
8 0 2 7 12 13 15
9 0 1 3 4 5 6 7 8 9 10 11 12 14 15
10 0 1 2 3 4 5 6 7 8 9 10 11 13 14 15
11 4 6 7 9 12 13 14
12 1 2 3 4 7 8 9 10 15
13 1 4 5 6 8 9 12 14 15
14 3
15 0 1 3 8 9 10 11 13 14 15
16 0 2 5 6 8 9 10 13 14
17 0 1 2 3 4 6 7 8 9 10 11
18 1 7 9 10 11 12 13 14 15
19 1 2 10 13
20 4 6 7 8 9 10 11
21 1 2 3 4 5 6 7 8 9 10 11 12 13 14 15
22 0 1 2 4 5 6 7 8 9 10 11 12 13 15
23 0 1 2 4 5 6 7 8 9 10 11 12 14
24 0 1 2 3 4 5 6 7 8 9 10 11 12 13 14 15
25 0 2 6 7 8 9 10 12 13
26 1 2 5 6 7 8 9 10 11 12 13 14
27 0 6
28 4 9 10 14
29 1 3 4 5 9 10 11 13 14
30 0 1 2 7 10 13 15
31 0 1 2 3 4 5 6 7 8 9 10 11 13 14 15
32 0 2 3 5 7 8 9 10 13 14
33 4 5
34 1 2 3 4 5 6 8 9 10 11 13 14 15
35 0 3 8 13
36 5 8 11 15
37 0 1 2 3 4 5 6 7 8 9 11 12 13 14 15
38 0 1 2 3 4 5 6 7 8 9 10 11 12 13 15
39 2 4 6 7 10 11 12
40 0 1 2 5 7 8 9 10 11 12 13 14 15
41 0 1 5 6 7 9 10 11 12 13 14 15
42 1 3 4 7 10 14 15
43 0 1 2 3 4 5 6 7 8 9 12 13 14 15
44 1 3 8 9 10
45 0 1 2 3 4 5 6 7 8 9 10 11 12 13 14 15
46 1 2 4 5 6 9 10 11 12 13
47 0 1 3 4 11 12 13 15
48 6 7 8 9 11
49 0 1 2 3 5 6 8 9 10 11 12 13 14 15
