200
44 27 57 63 45 20 62 39 39 42 62 59 52 29 51 50 22 23 40 23 30 64 47 58 36 29 62 51 39 21 39 41 47 31 61 36 62 24 57 52 24 51 49 43 48 50 62 46 40 51 64 24 59 21 53 20 55 31 61 40 47 57 44 22 61 22 61 24 44 51 61 59 31 25 31 33 47 46 57 23 61 24 51 24 25 59 54 28 26 58 23 20 35 48 60 32 36 46 42 21 26 52 35 43 41 49 20 28 58 51 60 55 36 54 44 34 35 62 32 59 27 20 26 55 20 47 24 49 26 38 34 48 27 33 60 26 38 54 25 33 64 56 57 40 30 35 47 40 36 43 55 53 57 61 58 59 48 44 61 49 39 58 56 62 63 36 27 33 46 37 36 49 43 29 60 50 38 63 25 60 27 50 20 55 48 45 63 21 50 23 27 22 53 42 34 29 38 32 61 21 
29 51
36 90
19 74
94 24
3 48
2 85
18 70
53 20
74 9
36 87
64 4
29 72
6 63
35 12
80 34
42 26
44 70
41 9
47 60
22 95
68 15
47 35
11 77
78 59
96 82
38 98
17 6
88 1
5 73
1 16
80 23
1 16
88 79
68 29
52 61
2 17
68 45
49 12
34 95
76 90
73 4
0 17
43 42
70 42
91 57
96 23
8 93
74 58
92 66
56 64
8 33
11 95
91 68
9 26
42 50
9 68
3 50
30 69
54 98
65 19
88 63
35 36
85 96
8 5
74 6
12 21
5 94
52 94
4 62
21 7
15 14
91 28
82 93
69 10
34 44
1 96
35 55
76 1
28 5
87 49
86 35
17 82
51 25
95 49
92 5
77 96
26 85
53 68
11 26
2 70
3 45
66 71
9 54
6 98
34 92
28 47
5 7
79 91
87 57
41 4
34 57
81 12
11 38
42 8
51 95
43 42
93 84
73 58
57 19
3 99
23 98
54 75
31 37
31 0
90 75
2 15
51 47
13 46
0 48
82 17
55 25
82 19
99 97
25 69
89 66
73 65
18 67
27 67
29 60
25 74
33 2
16 47
29 30
38 35
89 2
28 40
90 4
71 41
38 4
51 77
47 6
36 93
8 6
24 4
54 7
89 80
74 36
55 13
68 3
80 97
82 66
62 25
56 99
3 44
62 66
94 79
78 52
4 29
18 16
60 88
71 64
34 96
31 33
39 42
52 87
64 19
12 63
62 80
99 0
65 66
76 89
37 28
84 94
4 96
62 99
79 19
67 39
43 20
83 27
37 18
40 21
64 92
71 55
29 40
39 21
54 48
66 75
36 50
89 8
91 76
88 48
0 74
67 75
33 26
50 28
43 22
90 47
52 35
76 68
99 10
10
392
0 1
1 0
0 2
2 0
0 4
4 0
0 5
5 0
0 7
7 0
0 10
10 0
0 11
11 0
0 14
14 0
0 17
17 0
0 20
20 0
0 29
29 0
0 35
35 0
0 43
43 0
0 44
44 0
0 45
45 0
0 48
48 0
0 63
63 0
0 75
75 0
0 77
77 0
0 91
91 0
0 95
95 0
1 3
3 1
1 9
9 1
1 10
10 1
1 12
12 1
1 14
14 1
1 15
15 1
1 21
21 1
1 64
64 1
1 80
80 1
1 94
94 1
2 3
3 2
2 4
4 2
2 6
6 2
2 7
7 2
2 11
11 2
2 13
13 2
2 19
19 2
2 24
24 2
2 25
25 2
2 30
30 2
2 37
37 2
2 39
39 2
2 42
42 2
2 43
43 2
2 62
62 2
2 68
68 2
2 76
76 2
2 87
87 2
2 95
95 2
2 97
97 2
3 6
6 3
3 8
8 3
3 20
20 3
3 27
27 3
3 28
28 3
3 48
48 3
3 49
49 3
3 54
54 3
3 59
59 3
3 69
69 3
3 85
85 3
4 5
5 4
4 8
8 4
4 19
19 4
4 31
31 4
4 64
64 4
4 85
85 4
5 18
18 5
5 27
27 5
5 71
71 5
6 9
9 6
6 16
16 6
6 30
30 6
6 37
37 6
6 54
54 6
6 56
56 6
6 67
67 6
7 23
23 7
7 51
51 7
7 53
53 7
7 70
70 7
7 94
94 7
8 22
22 8
8 23
23 8
8 24
24 8
8 34
34 8
8 40
40 8
8 52
52 8
8 53
53 8
8 60
60 8
8 72
72 8
8 79
79 8
8 83
83 8
8 86
86 8
9 12
12 9
9 16
16 9
9 18
18 9
9 31
31 9
9 36
36 9
9 41
41 9
9 46
46 9
9 73
73 9
10 13
13 10
10 15
15 10
10 25
25 10
10 36
36 10
10 66
66 10
10 80
80 10
12 45
45 12
13 29
29 13
13 50
50 13
13 59
59 13
14 17
17 14
14 21
21 14
14 22
22 14
14 26
26 14
14 33
33 14
14 35
35 14
14 44
44 14
14 49
49 14
14 56
56 14
14 62
62 14
14 65
65 14
14 70
70 14
14 99
99 14
15 90
90 15
16 39
39 16
16 57
57 16
17 58
58 17
17 72
72 17
17 74
74 17
17 83
83 17
19 34
34 19
19 42
42 19
19 81
81 19
19 87
87 19
19 93
93 19
21 78
78 21
23 93
93 23
24 26
26 24
24 38
38 24
24 57
57 24
24 60
60 24
24 63
63 24
24 66
66 24
24 75
75 24
24 89
89 24
25 28
28 25
26 58
58 26
28 67
67 28
28 77
77 28
28 91
91 28
29 33
33 29
29 46
46 29
29 50
50 29
29 55
55 29
30 32
32 30
30 82
82 30
31 32
32 31
31 81
81 31
32 55
55 32
34 40
40 34
34 47
47 34
34 84
84 34
36 89
89 36
36 98
98 36
37 38
38 37
37 41
41 37
37 74
74 37
38 78
78 38
38 82
82 38
38 86
86 38
39 61
61 39
39 68
68 39
39 76
76 39
43 52
52 43
44 61
61 44
44 71
71 44
44 79
79 44
44 92
92 44
46 47
47 46
48 51
51 48
50 69
69 50
52 92
92 52
56 88
88 56
56 96
96 56
61 65
65 61
62 88
88 62
67 73
73 67
74 96
96 74
75 90
90 75
77 84
84 77
89 99
99 89
94 97
97 94
95 98
98 95
