100
400
41 26 54 33 60 60 23 51 46 55 20 34 25 37 61 50 36 61 25 42 20 33 55 54 48 63 50 55 48 39 29 29 52 58 49 54 39 49 22 37 51 42 22 53 21 59 30 30 40 54 24 47 24 62 55 45 35 50 27 53 38 47 54 62 28 60 63 58 57 63 60 50 57 31 50 36 27 27 53 55 45 24 38 54 36 63 45 46 31 62 54 40 48 28 56 35 45 46 40 45 47 21 55 58 48 35 48 34 52 21 37 50 57 57 60 37 46 64 46 58 46 62 28 64 49 25 22 35 26 47 45 29 60 53 20 39 50 21 50 22 28 36 64 41 44 27 51 56 51 43 28 45 42 46 47 25 57 46 25 59 35 43 43 44 26 59 58 39 20 28 63 58 21 22 27 34 24 25 36 47 34 35 27 50 41 56 64 56 33 20 56 27 29 25 40 22 45 48 61 56 44 27 57 63 45 20 62 39 39 42 62 59 52 29 51 50 22 23 40 23 30 64 47 58 36 29 62 51 39 21 39 41 47 31 61 36 62 24 57 52 24 51 49 43 48 50 62 46 40 51 64 24 59 21 53 20 55 31 61 40 47 57 44 22 61 22 61 24 44 51 61 59 31 25 31 33 47 46 57 23 61 24 51 24 25 59 54 28 26 58 23 20 35 48 60 32 36 46 42 21 26 52 35 43 41 49 20 28 58 51 60 55 36 54 44 34 35 62 32 59 27 20 26 55 20 47 24 49 26 38 34 48 27 33 60 26 38 54 25 33 64 56 57 40 30 35 47 40 36 43 55 53 57 61 58 59 48 44 61 49 39 58 56 62 63 36 27 33 46 37 36 49 43 29 60 50 38 63 25 60 27 50 20 55 48 45 63 21 50 23 27 22 53 42 34 29 38 32 61 21
0 81 19 4 8 52
1 99 89 36 10
2 57 24 26 14 70
3 63 0 29 50 69
4 15 1 0 35
5 23 8 3
6 70 7 2 87
7 32 31 4 8 79
8 20 0 2 24
9 41 37 2 24 66
10 28 77 0 95
11 5 0 2 37
12 90 15 10 25
13 8 3 1 15
14 83 17 14 56 88
15 64 1 15 90
16 25 10 66
17 79 8 3 69
18 22 8 4 64
19 61 44 0 10 66
20 85 3 1 9
21 48 0 2 37
22 24 26 14
23 77 28 3 54
24 42 2 0 14
25 95 0 1 64
26 73 9 46 47 34
27 21 1 94 97
28 42 2 7 51
29 95 0 10
30 21 1 9 31 32
31 27 3 2 19 81
32 20 0 17 74
33 28 25 10
34 82 38 24 60
35 95 0 4 8 86
36 37 2 19 81
37 47 46 9 6
38 97 2 0 45
39 76 2 6 9 36
40 32 31 9 46
41 95 2 19 34
42 42 2 95
43 86 8 4 64
44 28 3 27
45 12 1 0 7
46 0 1 94
47 36 10 0 77
48 34 19 2 13
49 79 44 0 11
50 52 8 22 14 33
51 47 34 19 2 30
52 55 29 0 95 98
53 71 44 0 77
54 51 7 2 30 82
55 26 24 2 13
56 69 3 1 14 70
57 46 29 0 43
58 17 0 2 19 93
59 8 4
60 50 29 46 9 31
61 66 10 1 21
62 0 2 37
63 51 48 0 5 18
64 32 30 2 25 28
65 4 8 60
66 96 56 14 0
67 8 3 2
68 51 48 0 35
69 16 6 3 28
70 76 2 0 1 15
71 90 75 0 17 58
72 46 29 0 91
73 0 1 64
74 36 89 24 38
75 52 43 2 30
76 9 1 3
77 96 56 14 62
78 30 2 4
79 97 2 3 8 83
80 17 0 2 19 93
81 46 29 0 48
82 4 2
83 75 90
84 58 17 14 22
85 29 0 2 30
86 44 79 8 53
87 42 2 30 32 55
88 2 24 38
89 89 36 10
90 1 0 44 61
91 27 3 2 97
92 33 29 0 2 37
93 48 0 20
94 26 24 2 19 81
95 82 38 24 8 83
96 10 0 77 84
97 70 7 2 19 81
98 90 15 1 80
99 9 16 39
100 54 3 8 79
101 18 5 4 19 93
102 52 8 79
103 32 30 2 0 14 99
104 76 2 0 20
105 28 77 0 75
106 69 3 1 14 70
107 36 10 66
108 39 16 9 73
109 97 2 39 61
110 2 0 44
111 56 14 0 77 84
112 86 8 3 2 25
113 97 94 1
114 7 0 1 64
115 73 9 6 2 19
116 57 24 2 3 85
117 53 7 2 42
118 3 8 40
119 65 14 17 72
120 71 44 0 48
121 17 0 1 9
122 19 2 7 94
123 38 24 8 40
124 2 3 8 83
125 45 0 4
126 5 0 2 39
127 11 0 14
128 83 17 0 44 61
129 29 0 7
130 34 19 81
131 75 0 2
132 89 24 8 4 64
133 99 14 0 5
134 24 2 19 81
135 0 14 49
136 97 2 37 74
137 27 3 1 9 41
138 73 9 6 2 76
139 40 8 4 5
140 24 2 43
141 32 30 2 37 74
142 56 14 17 58
143 90 75 24 89
144 77 0 4
145 73 9 1 0 48
146 58 26 24 38 82
147 38 24 2 13 50
148 79 44 0 2 97
149 81 19 2 3 69
150 72 8 24 75 90
151 99 14 1 3 85
152 91 0 7 53
153 33 14 56 6
154 52 8 24 38 78
155 1 0 29
156 74 17 72 8 34 47
157 70 14 0 95
158 54 6 30 32 55
159 15 1 3 8 60
160 4 8 60
161 33 14 1 9 73
162 51 7 2 24 66
163 16 6 3
164 73 9 1 0 95
165 45 0 2 76
166 63 0 20
167 80 1 0
168 64 1 0 29
169 19 2 25 28
170 79 44 0 2 76
171 89 24 75
172 76 2 7 94
173 80 10 66 24 38
174 11 0
175 46 29 55
176 48 3 8 24 89
177 31 9 41
178 9 1 3 85
179 81 19 93
180 1 10
181 38 24 8 34 84
182 95 0 44 61
183 57 24 2 3 27
184 51 48 0 1 12
185 51 48 0 77 84
186 5 18 9 46
187 39 2 37 74
188 70 7 2 30 32
189 85 4 19 93
190 27 3 2 39
191 24 57 16
192 19 2 0 10
193 8 24 89 99
194 17 74
195 65 14 22 8
196 33 29 46 47
197 59 3 69
198 24 66 10 80
199 71 44 0 2 37
200 29 0 48 51
201 36 10 15 90
202 19 2 37 74
203 94 7 2 24
204 3 48
205 2 3 85
206 18 5 0 14 70
207 53 8 3 20
208 74 37 6 9
209 36 9 6 2 87
210 64 4
211 29 0 17 72
212 6 2 24 63
213 35 0 1 12
214 80 1 3 8 34
215 42 2 24 26
216 44 14 70
217 41 9
218 47 34 8 60
219 22 14 0 95
220 68 2 0 1 15
221 47 46 29 0 35
222 11 0 77
223 78 21 1 3 59
224 96 74 37 38 82
225 38 24 2 95 98
226 17 0 2 6
227 88 56 14 1
228 5 18 9 73
229 1 9 16
230 80 1 3 8 23
231 1 9 16
232 88 56 14 44 79
233 68 2 0 29
234 52 92 44 61
235 2 0 17
236 68 2 0 45
237 49 3 1 12
238 34 19 2 95
239 76 2 24 75 90
240 73 9 31 4
241 0 17
242 43 2 42
243 70 7 2 42
244 91 0 2 24 57
245 96 56 14 0 7 23
246 8 23 93
247 74 17 58
248 92 52 8 24 66
249 56 14 1 64
250 8 22 14 33
251 11 0 95
252 91 0 2 68
253 9 1 14 26
254 42 2 13 50
255 9 6 2 68
256 3 69 50
257 30 2 3 69
258 54 6 9 36 98
259 65 14 0 2 19
260 88 62 2 24 63
261 35 0 10 36
262 85 3 6 56 96
263 8 4 5
264 74 37 6
265 12 1 21
266 5 0 1 94
267 52 43 0 1 94
268 4 2 62
269 21 1 0 7
270 15 1 14
271 91 28
272 82 30 2 19 93
273 69 50 13 10
274 34 8 79 44
275 1 14 56 96
276 35 0 29 55
277 76 2 0 1
278 28 3 27 5
279 87 2 3 49
280 86 8 4 0 35
281 17 0 2 30 82
282 51 7 2 25
283 95 2 3 49
284 92 44 0 5
285 77 0 14 56 96
286 26 24 8 3 85
287 53 7 2 68
288 11 0 14 26
289 2 7 70
290 3 1 0 45
291 66 10 0 44 71
292 9 6 54
293 6 9 36 98
294 34 8 52 92
295 28 3 8 34 47
296 5 0 7
297 79 44 0 91
298 87 2 24 57
299 41 9 31 4
300 34 8 24 57
301 81 31 9 12
302 11 2 24 38
303 42 2 3 8
304 51 48 0 95
305 43 2 42
306 93 19 34 84
307 73 9 1 0 17 58
308 57 24 2 19
309 3 1 14 99
310 23 7 0 95 98
311 54 3 8 24 75
312 31 9 6 37
313 31 4 0
314 90 75
315 2 0 1 15
316 51 48 3 8 34 47
317 13 29 46
318 0 48
319 82 30 2 0 17
320 55 29 0 2 25
321 82 30 2 19
322 99 14 0 2 97
323 25 2 3 69
324 89 24 66
325 73 9 1 14 65
326 18 9 6 67
327 27 3 6 67
328 29 0 2 24 60
329 25 2 37 74
330 33 29 0 2
331 16 9 46 47
332 29 0 2 30
333 38 24 2 0 35
334 89 24 2
335 28 3 8 40
336 90 75 0 4
337 71 5 18 9 41
338 38 24 8 4
339 51 48 0 77
340 47 46 9 6
341 36 10 0 2 19 93
342 8 3 6
343 24 2 4
344 54 3 2 7
345 89 36 10 80
346 74 37 6 9 36
347 55 29 13
348 68 2 3
349 80 1 94 97
350 82 38 24 66
351 62 2 25
352 56 14 99
353 3 1 0 44
354 62 2 24 66
355 94 1 0 44 79
356 78 38 24 8 52
357 4 0 29
358 18 9 16
359 60 24 2 62 88
360 71 5 4 64
361 34 8 22 14 56 96
362 31 9 1 14 33
363 39 2 42
364 52 43 2 87
365 64 4 19
366 12 1 0 63
367 62 14 1 80
368 99 14 0
369 65 14 26 24 66
370 76 2 24 89
371 37 2 3 28
372 84 77 0 1 94
373 4 0 14 56 96
374 62 14 99
375 79 8 4 19
376 67 6 2 39
377 43 0 20
378 83 8 3 27
379 37 6 9 18
380 40 8 3 1 21
381 64 1 0 44 92
382 71 44 0 29 55
383 29 0 4 8 40
384 39 16 9 1 21
385 54 3 48
386 66 24 75
387 36 10 13 50
388 89 24 8
389 91 0 2 76
390 88 62 2 0 48
391 0 17 74
392 67 6 2 24 75
393 33 14 26
394 50 69 3 28
395 43 52 8 22
396 90 75 24 8 34 47
397 52 43 0 35
398 76 2 68
399 99 89 36 10
12
17 29 16 31 13 11 26 22 12 22 24 29
6
0 : 8 3 : 10 0 2 : 11 1
1 : 8 11 2 0 : 4 3 1 7 : 9 5 6 : 10
2 : 1 7 : 5 3 : 8 0 : 11 2
3 : 9 6 : 3 11 : 2 8 : 7 4
4 : 2 6 : 0 5 : 7 10
5 : 9 8 : 1 11 : 5 10 : 3 0 : 4 7
100
0 119 189 178
1 197 149 97 122
2 144 125 159 137
3 115 119 141 161
4 105 140 113
5 69 83 131 174 128
0 1 3 7 11
1 0 9
2 0 4 5 6 7 8 10
3 6 7 9 10 11
4 1 2 3 4 5 6 7 8 9 10 11
5 0 1 2 3 4 5 6 7 8 9 10 11
6 0 1 2 3 4 6 8 9 10 11
7 0 2 3 4 5 6 8 9 10 11
8 2 7
9 0 1 3 4 6 7 8 11
10 2 10
11 1 2 3 4 5 6 7 8 9 10
12 1 2 3 4 5 7 8
13 0 1 2 3 4 5 6 7 8 9 10 11
14 0 1 2 5 6 7 8 9 10 11
15 1 2 4 5 8 11
16 0 3 7 10
17 0 2 3 4 5 7 8 10 11
18 0 2 3 5 6 7 8 9 10 11
19 2 6 7 8
20 5 6 8 9
21 0 2 3 5 6 7 8 9 10
22 0 3 9 10 11
23 4 5 9
24 0 1 2 4 5 6 7 8 9 10 11
25 0 1 7 9
26 1 6 9 10
27 0 2 3 4 6 7 8 9 10
28 0 1 2 4 6 7 8
29 0 2 3 5 6 7 8 9 10 11
30 2 3 4 8 9 10 11
31 0 1 7 9
32 1 5 7 8 9
33 1 3 4 5 6 7 8 10 11
34 0 1 3 4 5 7 8 9 10 11
35 1 2 3 7 9
36 0 1 3 5 7 8 11
37 0 1 2 3 4 5 6 7 8 9 10 11
38 0 1 2 8 9 10 11
39 0 2 7 8 9 10 11
40 0 1 2 3
41 3 4 7
42 0 1 2 4 5 6 8 10
43 0 2 3 4 5 6 7 8 9 10 11
44 3 8
45 0 1 3 4 5 6 7 8 9 10 11
46 0 2 3 4 5 6 8 9 10
47 2 3 5 7 9 10
48 0 1 3
49 0 2 3 4 5 6 7 8 9 10
50 1 2 3 5 8 10 11
51 1 3 8 9 10
52 0 1 4 5 6 9 11
53 1 6 9 11
54 0 1 2 3 4 5 6 7 8 9 10 11
55 5 8 9 10
56 5 10
57 0 1 3 4 5 7 9 10 11
58 2 5 9 10
59 0 2 4 6 8 9 10
60 0 1 2 3 4 5 6 7 9 10 11
61 0 3 5 6 7
62 0 1 7
63 0 1 2 3 4 5 6 7 8 10 11
64 1 4 5 9
65 0 2 4 6 9
66 1 2 3 4 6 7 8 9 10 11
67 1 2 9 10
68 2 7 8 9 10 11
69 1 2 3 4 6 7 8 9 10
70 0 4 6 7
71 1 4 5 9 11
72 1 5 10 11
73 4 9 10
74 2 3 5
75 0 1 2 3 4 7 8 9 11
76 2 6
77 1 2 5 7 8 10 11
78 0 1 2 3 4 5 6 10 11
79 1 4 5 8 9
80 0 1 2 4 5 8 9 10
81 0 1 3 8 9 10
82 1 2 3 4 5 6 7 8 9 10 11
83 0 1 2 3 5 6 7 8 9 10
84 7 9
85 0 3
86 0 1 2 3 4 5 6 7 8 9 10 11
87 4 9 11
88 1 2 5 6
89 0 1 2 3 4 6 8 9 10 11
90 0 1 2 3 4 5 6 7 8 9 10 11
91 0 2 3 4
92 0 1 2 3 4 5 6 7 8 9 10 11
93 3 6 9
94 0 1 2 3 4 5 6 7 8 9 10 11
95 6 7 9
96 0 1 2 3 4 5 8 9 10 11
97 0 2 3 4 5 6 7 8 9 11
98 1 8
99 0 1 2 3 4 5 6 7 8 9 10 11
