10
10
2 9 7 6 9 34 13 18 19 18
0 6 0 9 8 5
1 5 2 0 3 9
2 8 9 0 4 2
3 7 0 5 4 1
4 3 9 0 4 6
5 9 8 5 7 3
6 4 0 7 5 2
7 1 4 5 7 0
8 9 8 5 4 1
9 8 4 1 0 3
16
7 15 14 18 13 8 19 16 2 5 5 5 2 5 15 14
8
0 : 10 4 : 6 1 11 14 : 14 4 1 3 : 8 5 6 12 : 10 6 : 14 15 12 7 11 : 1 15 : 13 5 11
1 : 7 1 8 4 10 : 15 14 2 8 1 : 0 6 5
2 : 0 13 6 3 : 14 5 9 15 8 : 11 6 4 3 14 1 5 9 : 3 9 7 4 6 5 0 10 : 5 11 2 6 1 14
3 : 7 4 : 0 5
4 : 15 7 : 1 15 9 : 3 2 8 : 9 1 : 0 2
5 : 7 0 : 12 0 : 15 4 : 2 7 : 5 9 : 9 11
6 : 15 0 5 : 14 4 : 12 14 : 12 10 4 : 5 8 0
7 : 3 1 : 1 2 12 15 4 14 10 : 1 13 : 12 5 1 0 2
100
0 102 117 140 60 53 103 89 80
1 129 143 135
2 146 63 135 55 56
3 138 55
4 120 87 108 147 93
5 75 64 91 121 86 114
6 106 67 117 147 97
7 143 137 73 111
0 1 2 3 4 6 8 9 13 15
1 2 7 12
2 0 1 2 3 4 5 6 7 8 9 10 11 12 13 14 15
3 1 2 4 5 6 7 8 10
4 0 1 2 3 4 6 8 9 10 14 15
5 0 1 2 8 9 11 13
6 1 2
7 1 2 3 4 5 6 7 8 9 10 11 12 13 14 15
8 0 2 4 6 7 10 13 14
9 0 1 3 4 5 9 13 14
4
42
0 1
0 2
0 3
0 4
0 5
0 6
0 7
0 8
0 9
1 4
2 4
2 5
3 6
3 7
3 9
4 5
4 6
4 8
5 7
5 8
8 9
1 0
2 0
3 0
4 0
5 0
6 0
7 0
8 0
9 0
4 1
4 2
5 2
6 3
7 3
9 3
5 4
6 4
8 4
7 5
8 5
9 8
