100
100
36 27 23 25 11 18 27 15 25 34 16 19 29 27 32 30 36 40 27 13 22 15 32 22 30 27 20 26 34 29 19 20 21 37 26 29 28 13 29 15 31 26 27 16 15 35 25 19 26 26 30 25 28 35 39 16 33 16 38 31 31 31 27 33 15 14 25 28 17 14 27 17 23 24 29 13 12 29 18 10 31 11 35 33 19 39 23 39 27 22 17 25 16 34 27 22 40 36 18 11
0 33 24 25 12 74 11 14 7 75
1 56 51 10 8 68 0 75 7 6
2 8 45 22 24 29 49 31 38 77
3 98 51 52 54 4 6 7 72 48
4 29 24 22 3 66 6 12 86 72
5 62 26 97 8 3 66 6 4 42
6 34 36 4 0 32 64 3 16 63
7 33 22 24 4 69 44 12 18 62
8 98 15 0 7 37 5 2 78 89
9 83 57 9 15 0 68 6 12 40
10 23 12 40 16 21 6 59 39 18
11 72 86 59 6 27 63 16 0 68
12 89 17 7 6 27 63 16 0 68
13 39 8 0 67 81 4 57 9 5
14 86 72 7 10 51 98 15 4 83
15 74 92 47 16 18 39 41 7 72
16 42 48 2 73 18 39 8 57 83
17 24 25 4 75 0 6 94 22 12
18 34 32 6 3 56 13 28 0 51
19 16 3 6 9 10 50 13 28 0
20 5 9 6 12 13 28 46 33 31
21 67 81 4 2 82 34 13 12 86
22 1 0 51 52 11 6 85 65 8
23 5 2 82 34 13 12 4 81 67
24 16 11 0 4 96 5 34 32 6
25 49 29 72 86 12 27 6 21 11
26 38 77 2 51 0 4 83 57 81
27 8 39 4 24 79 25 58 10 17
28 70 84 6 66 55 12 74 11 14
29 52 26 2 5 0 12 43 34 82
30 87 0 2 29 49 3 6 94 22
31 14 11 0 53 2 4 65 8 90
32 61 4 12 22 7 59 91 33 46
33 82 12 25 79 62 58 71 2 78
34 64 61 17 7 41 39 4 8 63
35 23 12 13 8 63 27 6 0 68
36 69 4 3 23 12 31 33 95 0
37 27 67 0 76 24 33 78 2 53
38 58 71 48 54 4 0 53 51 56
39 45 36 16 0 5 37 2 44 69
40 51 0 9 5 35 7 17 15 4
41 23 65 8 3 64 32 34 36 16
42 80 77 6 7 37 5 9 87 0
43 58 35 5 4 3 0 11 8 74
44 79 62 58 10 9 15 17 26 52
45 63 16 11 8 0 5 9 10 51
46 36 16 3 6 84 70 4 24 25
47 99 40 16 3 6 27 12 0 19
48 40 12 82 34 13 50 0 53 51
49 47 16 40 2 4 18 12 82 34
50 0 15 4 5 2 42 25 79 62
51 61 7 88 30 0 76 65 23 3
52 77 80 0 4 96 50 10 7 75
53 18 73 2 4 6 84 5 34 43
54 24 22 12 6 84 5 34 36 4
55 26 52 51 10 50 0 6 12 82
56 12 40 2 29 24 25 26 97 8
57 48 40 2 29 24 25 26 97 8
58 68 0 30 88 7 35 11 74 8
59 7 22 3 64 61 4 83 8 13
60 64 61 7 22 3 4 83 8 13
61 22 3 4 15 0 27 63 8 13
62 96 50 0 12 6 7 37 5 34
63 49 3 6 7 37 5 4 2 53
64 54 52 11 8 3 66 6 12 44
65 79 25 12 6 66 3 4 0 53
66 48 42 25 12 22 33 93 16 21
67 12 31 46 28 26 38 16 3 22
68 30 88 52 11 0 19 18 39 59
69 94 22 45 36 4 8 13 10 51
70 73 18 16 47 2 87 9 0 1
71 35 58 62 26 25 42 4 57 83
72 85 6 9 10 17 15 0 12 4
73 29 72 48 42 4 39 18 16 41
74 99 12 74 8 3 4 2 53 0
75 58 10 8 90 54 52 11 6 68
76 85 65 8 90 54 52 11 6 68
77 14 60 24 33 78 89 90 8 11
78 91 59 39 41 7 6 27 63 8
79 54 48 2 26 62 58 10 9 87
80 43 2 4 6 3 8 0 5 96
81 21 6 32 64 3 4 81 57 8
82 9 87 0 8 65 23 12 22 55
83 35 7 10 9 87 2 5 0 23
84 98 76 65 4 75 7 29 2 71
85 38 77 2 43 12 22 7 72 86
86 48 2 43 12 22 7 14 11 60
87 72 29 32 6 94 22 24 14 9
88 59 7 6 4 36 45 8 13 34
89 28 26 62 18 4 5 9 6 84
90 31 33 70 4 0 80 77 6 66
91 35 7 0 5 9 10 8 4 30
92 41 16 0 5 4 42 2 47 33
93 24 29 2 5 0 6 21 11 8
94 95 0 69 44 2 40 16 47 92
95 61 4 70 33 91 59 6 12 23
96 38 26 2 4 70 33 22 12 23
97 37 5 9 10 58 62 79 24 76
98 78 89 44 8 13 12 6 4 83
99 5 35 58 25 24 29 7 14 11
16
13 15 12 20 15 15 15 16 14 18 13 16 12 19 17 19
10
0 : 1 4 6 : 1 4 12 5 2 7
1 : 10 4 : 8 0
2 : 7 9 13 10 1 : 8 10 9 12 : 12 13 0 8 7 10 9 : 0 10 15 6 3 1 5 : 5 13 14 7 6 : 4 11 9 : 8 3 1 14 15 4 0
3 : 15 7 11 0 : 9 0 5 11 6 10
4 : 1 2 4 8 : 0 5
5 : 13 1 : 5 2 14 9 : 10 11 3 2 0 : 4 6 2 7 10 : 13 9 10 5 4 : 3 5
6 : 2 4 7 : 11 4 7 : 15 1 : 0 15 : 13 1
7 : 3 6 5 : 6 12 14 : 3 2 : 6 12 : 9 11 : 10 15 4 : 13 14
8 : 11 4 3 13 0 : 7 11 9 : 3 5 6 : 0 3 5 12 9 : 11 14 2 : 11 6 4 1
9 : 1 8 : 10 9 : 5 14 1 : 2 6 9 : 5 8 : 1 5 3 13 : 8 14 15 1 : 3 11 2
100
0 125 102
1 146 142
2 120 58 79 147 127 113 149
3 73 140
4 81 140
5 73 135 78 112 134 132
6 110 58 111 145 58
7 113 139 50 108 127 130 73
8 123 109 135 107 145 117
9 84 57 52 50 98 94 140 65
0 1 2 6 7 8 9 10 11 13 14
1 0 4 5 6 8 9 13 14 15
2 1 2 4 6 7 9 11 13 15
3 0 1 2 3 4 5 6 7 8 9 11 12 13 14 15
4 0 1 2 4 5 6 8 9 10 11 13 14 15
5 1 2 4 6 7 8 9 12 15
6 0 1 2 3 4 5 7 8 9 10 11 12 13 14 15
7 1 7 8 9 10 12 13
8 0 1 2 3 4 5 7 8 9 10 11 13 14 15
9 0 1 3 4 5 6 8 9 10 11 12 13 14
10 2 5 10
11 1 3 4 5 6 7 8 11 13 14 15
12 0 1 2 3 4 5 6 8 9 10 11 12 13 15
13 1 2 3 4 5 6 7 8 9 10 11 12 13 14 15
14 0 1 2 3 4 5 8 13
15 2 3 4 5 9 10 11 13 14
16 2 3 6 7 9 12 15
17 2 3 4 5 9 10 11 12 13 14 15
18 0 1 2 3 4 5 6 7 8 9 10 11 12 13 14 15
19 0 1 2 3 4 5 6 7 8 9 10 11 13 14 15
20 0 1 2 3 4 5 6 7 8 9 11 12 13 14
21 2 3 4 5 8 9 10 11 13 15
22 0 1 11 15
23 2 4 6 7 8 9 10 12 15
24 1 3 5 12 13
25 4 8 12
26 1 2 4 5 6 7 9 12 13 14 15
27 0 5 9 10 11 13 14
28 0 1 2 3 4 5 6 7 8 9 10 11 12 13 14 15
29 0 2 5 7 8 9 11 13 14 15
30 0 1 3 4 8 10 11 12 13 14
31 3 4 6 7 14 15
32 4 9 10 13 14
33 0 1 2 3 4 5 6 7 8 9 10 11 12 13 14
34 3 6 8 9 10 11 13 15
35 4 5 12 13 15
36 0 1 2 3 4 5 6 7 8 9 10 11 12 13 14 15
37 0 1 2 3 4 5 6 7 8 9 10 11 13 14
38 1 2 3 4 5 6 7 8 9 10 13 14 15
39 3 7 9
40 1 5 7 9 10 11 13
41 0 1 3 4 6 7 8 15
42 1 4 6 10 14
43 1 6 7 8 14 15
44 0 1 4 6 7 8 9 11 14 15
45 0 1 2 3 4 7 14 15
46 0 1 3 5 6 8 9 11 12 13
47 0 1 2 3 4 5 6 7 8 12 13 15
48 0 2 3 4 6 9 10 11 12
49 0 4 13
50 0 1 2 4 5 6 7 8 10 11 12 13 14 15
51 2 7 9 12 15
52 0 1 3 4 5 7 8 9 11 12 14
53 0 1 2 7 10 15
54 0 2 5 7 14
55 7 9 11 14
56 1 2 4 5 15
57 0 4 5 7 9 10 12 13 15
58 0 1 2 3 4 5 6 7 9 10 12 13 15
59 0 1 2 3 4 5 7 8 9 10 11 12 13 14 15
60 0 1 2 4 6 7 8 9 10 11 12 13 14 15
61 0 1 7 8 11 13 15
62 0 1 2 3 4 6 8 10 11 12 14 15
63 1 2 4 9 11 15
64 1 6 11 12 14
65 0 1 2 3 4 6 8 9 10 11 12 14 15
66 0 1 2 4 5 6 7 12 13 14 15
67 1 2 7 9 11 12
68 1 2 3 4 5 6 8 9 11 12 14
69 2 12 13
70 0 1 2 3 4 5 6 7 8 9 10 11 12 13 14 15
71 0 1 4 5 6 7 8 9 11 12 14 15
72 0 1 2 3 5 6 7 8 9 10 13 14 15
73 0 5 6 7 8 9 10 14 15
74 0 1 2 4 8 9 10 11 12 13 15
75 0 1 3 4 6 7 8 9 10 11 12 13 14
76 0 2 12 14
77 8 9 12 13
78 0 1 2 3 4 5 6 7 8 9 10 11 12 13 14 15
79 0 1 2 3 4 5 6 7 8 10 11 12 13 14
80 3 8
81 2 5 13
82 1 2 5 6 7 8 10 11 13 14 15
83 3 6 10 11
84 0 1 2 3 5 7 8 9 10 11 12 13 14 15
85 0 1 4 5 7 9 11 12 13 14 15
86 0 1 2 3 5 6 7 9 10 11 12 13 14 15
87 0 2 3 5 7 9 12 14
88 0 1 2 3 4 5 6 7 8 9 10 12 13 14 15
89 7 9 11
90 0 1 2 3 6 10 15
91 0 1 2 3 4 5 6 7 8 9 10 11 12 13 14 15
92 1 2 3 5 6 7 9 12 14 15
93 0 1 2 8 10 11 12 14
94 0 2 8 9 10 15
95 0 1 2 4 5 6 7 8 9 10 11 12 13
96 1 11 15
97 0 1 4 5 7 8 13
98 0 3 5 6 7 8 10 12 13 14
99 0 1 2 3 4 5 6 7 8 9 10 11 12 13 14 15
8
582
0 1
0 2
0 3
0 4
0 5
0 6
0 7
0 8
0 9
0 11
0 12
0 15
0 16
0 19
0 20
0 23
0 27
0 28
0 30
0 32
0 50
0 51
0 53
0 67
0 68
0 69
0 75
0 76
0 78
0 80
0 87
0 95
0 97
1 31
2 4
2 5
2 26
2 29
2 37
2 40
2 42
2 43
2 44
2 47
2 48
2 51
2 53
2 71
2 73
2 77
2 78
2 82
2 87
3 4
3 6
3 7
3 8
3 16
3 19
3 22
3 23
3 49
3 56
3 64
3 66
4 5
4 6
4 8
4 12
4 15
4 18
4 20
4 24
4 25
4 30
4 31
4 36
4 39
4 42
4 54
4 57
4 61
4 65
4 69
4 70
4 75
4 81
4 83
4 96
4 99
5 9
5 34
5 35
5 37
5 84
5 96
6 7
6 9
6 11
6 12
6 21
6 27
6 32
6 59
6 66
6 68
6 77
6 84
6 85
6 94
7 10
7 14
7 17
7 22
7 29
7 35
7 37
7 41
7 59
7 61
7 72
7 75
7 88
8 10
8 11
8 13
8 30
8 39
8 44
8 45
8 57
8 63
8 65
8 68
8 74
8 83
8 90
8 97
9 10
9 14
9 15
9 57
9 87
10 13
10 17
10 50
10 51
10 58
11 14
11 16
11 21
11 35
11 52
11 60
11 74
11 95
12 13
12 18
12 22
12 23
12 25
12 27
12 31
12 40
12 43
12 44
12 55
12 74
12 82
12 86
12 99
13 28
13 34
13 50
13 56
13 91
14 24
14 60
15 17
15 98
16 18
16 20
16 21
16 36
16 38
16 40
16 41
16 47
16 63
16 73
16 93
17 26
17 61
17 89
18 19
18 39
18 62
18 73
22 24
22 33
22 45
22 55
22 94
23 65
24 25
24 29
24 33
24 60
24 76
24 79
25 26
25 42
25 58
25 79
26 28
26 38
26 52
26 55
26 62
26 97
27 63
27 67
28 46
29 32
29 49
29 67
29 72
30 88
31 33
31 38
31 46
31 49
31 80
32 34
32 64
33 46
33 47
33 70
33 78
33 91
33 93
33 95
34 36
34 43
34 82
35 58
36 45
36 92
38 77
39 41
39 59
40 48
40 99
42 48
44 69
44 89
47 70
47 92
48 54
48 71
48 72
50 96
51 52
51 53
51 56
51 98
52 54
52 88
54 90
55 66
57 81
57 83
58 62
58 71
59 86
59 91
61 64
62 79
65 76
65 85
67 81
70 84
72 86
73 94
74 92
76 98
77 80
78 89
80 85
89 90
90 93
1 0
2 0
3 0
4 0
5 0
6 0
7 0
8 0
9 0
11 0
12 0
15 0
16 0
19 0
20 0
23 0
27 0
28 0
30 0
32 0
50 0
51 0
53 0
67 0
68 0
69 0
75 0
76 0
78 0
80 0
87 0
95 0
97 0
31 1
4 2
5 2
26 2
29 2
37 2
40 2
42 2
43 2
44 2
47 2
48 2
51 2
53 2
71 2
73 2
77 2
78 2
82 2
87 2
4 3
6 3
7 3
8 3
16 3
19 3
22 3
23 3
49 3
56 3
64 3
66 3
5 4
6 4
8 4
12 4
15 4
18 4
20 4
24 4
25 4
30 4
31 4
36 4
39 4
42 4
54 4
57 4
61 4
65 4
69 4
70 4
75 4
81 4
83 4
96 4
99 4
9 5
34 5
35 5
37 5
84 5
96 5
7 6
9 6
11 6
12 6
21 6
27 6
32 6
59 6
66 6
68 6
77 6
84 6
85 6
94 6
10 7
14 7
17 7
22 7
29 7
35 7
37 7
41 7
59 7
61 7
72 7
75 7
88 7
10 8
11 8
13 8
30 8
39 8
44 8
45 8
57 8
63 8
65 8
68 8
74 8
83 8
90 8
97 8
10 9
14 9
15 9
57 9
87 9
13 10
17 10
50 10
51 10
58 10
14 11
16 11
21 11
35 11
52 11
60 11
74 11
95 11
13 12
18 12
22 12
23 12
25 12
27 12
31 12
40 12
43 12
44 12
55 12
74 12
82 12
86 12
99 12
28 13
34 13
50 13
56 13
91 13
24 14
60 14
17 15
98 15
18 16
20 16
21 16
36 16
38 16
40 16
41 16
47 16
63 16
73 16
93 16
26 17
61 17
89 17
19 18
39 18
62 18
73 18
24 22
33 22
45 22
55 22
94 22
65 23
25 24
29 24
33 24
60 24
76 24
79 24
26 25
42 25
58 25
79 25
28 26
38 26
52 26
55 26
62 26
97 26
63 27
67 27
46 28
32 29
49 29
67 29
72 29
88 30
33 31
38 31
46 31
49 31
80 31
34 32
64 32
46 33
47 33
70 33
78 33
91 33
93 33
95 33
36 34
43 34
82 34
58 35
45 36
92 36
77 38
41 39
59 39
48 40
99 40
48 42
69 44
89 44
70 47
92 47
54 48
71 48
72 48
96 50
52 51
53 51
56 51
98 51
54 52
88 52
90 54
66 55
81 57
83 57
62 58
71 58
86 59
91 59
64 61
79 62
76 65
85 65
81 67
84 70
86 72
94 73
92 74
98 76
80 77
89 78
85 80
90 89
93 90
