10
10
19 12 5 13 16 36 19 21 32 13
0 5 6 4 0 2
1 1 0 4 8 5
2 6 5 1 0 8
3 2 0 5 8 4
4 0 4 6 5 8
5 7 1 6 4 8
6 1 6 5 0 9
7 5 1 9 0 2
8 6 1 7 4 5
9 1 7 4 5 8
16
4 9 8 16 14 2 10 5 16 17 18 12 15 9 7 9
8
0 : 3 11 : 1 2 14 11 12 : 4 10 : 11 6 14 : 4 8 10 : 5 4 2 7 13
1 : 15 14 2 : 4 10 6 15 : 9 3 11 4
2 : 10 3 12 4 : 6 8 : 5 1 3 13 : 0 14 3 : 15 2 7 12 : 7 9 : 9 13 12
3 : 15 12 8 4 3 2 : 6 8 15 9 1 12 : 3 11 14 0 : 9 2 : 11 13 10 : 4 13 11 5
4 : 11 0 9 12 4 10 : 7 10
5 : 15 12 1 3 : 7 14 8 : 8 14 0 7 13 : 5 0 4 2 : 2 14 9 5 13 : 15 7 9 2 : 5 9 7 11 2
6 : 8 9 : 1 4 10 : 1 14 : 15 7 5 : 9 7
7 : 3 9 : 5 6
100
0 125 102 68 125 88 118
1 93 92 139
2 86 103 146 51 101 113 105
3 105 106 56 147 68 119
4 90 134
5 93 114 136 70 61 87 104
6 121 130 125 126 64
7 76 111
0 7 8 9 11 12 13
1 2 12 15
2 0 1 2 3 4 5 6 7 8 9 10 12 14 15
3 4 6 11 12
4 4 5 9
5 1 2 10 14
6 0 1 2 3 5 6 7 8 10 11 13 14
7 0 5 6 7 8 9 11 13 15
8 4 5 8 12 13 14 15
9 1 2 10 14
4
42
0 1
0 2
0 3
0 4
0 5
0 8
0 9
1 4
1 5
1 6
1 7
1 9
3 4
3 7
4 5
4 6
4 7
4 8
5 6
5 8
5 9
1 0
2 0
3 0
4 0
5 0
8 0
9 0
4 1
5 1
6 1
7 1
9 1
4 3
7 3
5 4
6 4
7 4
8 4
6 5
8 5
9 5
