20
30
16 17 34 20 25 28 6 5 10 14 17 36 25 23 22 22 29 28 3 38 20 15 11 35 29 7 26 6 18 7
0 3 4 11 15 17
1 0 1 4 11 15
2 7 8 5 9 14
3 13 1 0 9 14
4 17 0 7 1 8
5 5 12 0 9 14
6 14 9 5 8 10
7 4 11 15 17 0
8 15 1 16 0 2
9 4 1 15 19 13
10 6 11 15 17 0
11 2 0 1 12 5
12 15 11 4 3 5
13 10 1 16 8 5
14 4 3 7 1 10
15 4 3 0 17 6
16 0 6 11 5 19
17 6 5 18 2 0
18 12 0 16 1 7
19 5 6 11 15 17
20 7 8 16 1 13
21 18 2 0 7 3
22 12 1 15 17 0
23 3 4 11 5 8
24 4 11 6 14 9
25 18 2 0 6 3
26 9 0 10 1 16
27 3 14 9 0 1
28 19 5 12 0 6
29 7 0 1 10 8
16
5 18 6 9 18 20 6 4 4 5 10 16 14 16 15 8
8
0 : 7 6 : 8 9 0 7 6 1 13 : 7 14 1 6
1 : 4 7 2 : 11 9 3 8 : 3 2 1 : 13 3 : 12 13 7 : 11 2 : 3 4
2 : 8 3 : 11 6 : 15 13 : 15 12
3 : 4 2 8 : 14 13
4 : 15 12 : 1 5 13 14 : 13 10 1 3 9 0 : 7 1 15 14 9 2
5 : 6 2 : 10 1 : 10 15 : 0 1 : 13 5
6 : 14 5 : 3 13 8 : 3 15 5 : 8 1
7 : 4 13 : 11 10 12 7 : 13 14 2 1 5 : 15 3 1 : 7 9 : 0 2 4
100
0 112 122 121
1 92 105 114 54 122 103 71
2 69 63 128 118
3 115 133
4 111 90 57 122
5 137 96 140 124 102
6 65 113 141 134
7 62 111 88 73 89 86
0 0 2 4 6 7 8 10 11 15
1 11 13
2 3 6 10 13 15
3 0 2 3 5 6 7 8 10 12 13 14 15
4 0 2 3 5 6 8 10 11 12 15
5 5 7
6 0 2 3 4 5 8 11 13 14 15
7 0 1 2 3 4 5 6 7 8 9 10 11 12 13 14 15
8 2 6 7 8 9 10 12 14 15
9 0 1 2 3 5 6 9 10 14
10 1 2 3 4 7 9 10 11 14 15
11 1 2 3 4 5 6 9 10 11 13
12 3 4 5 9 10 12 13 14 15
13 2 3 4 5 6 7 8 9 10 11 12 13 14 15
14 5 7 8 11
15 3 6 7 9 10 11 13
16 0 1 2 3 4 5 6 7 8 9 10 11 12 13 14 15
17 0 1 4 5 7 8 9 10 14
18 0 1 3 4 5 6 7 8 9 10 11 12 13 14 15
19 3 7 10 13
4
102
0 1
0 2
0 3
0 4
0 5
0 6
0 7
0 9
0 10
0 12
0 16
0 17
0 18
1 4
1 5
1 7
1 8
1 10
1 12
1 13
1 15
1 16
2 18
3 4
3 5
3 6
3 7
3 9
3 13
3 14
4 11
5 6
5 8
5 9
5 11
5 12
5 13
5 18
5 19
6 11
6 14
6 17
7 8
8 10
8 16
9 14
11 15
13 15
13 19
15 17
15 19
1 0
2 0
3 0
4 0
5 0
6 0
7 0
9 0
10 0
12 0
16 0
17 0
18 0
4 1
5 1
7 1
8 1
10 1
12 1
13 1
15 1
16 1
18 2
4 3
5 3
6 3
7 3
9 3
13 3
14 3
11 4
6 5
8 5
9 5
11 5
12 5
13 5
18 5
19 5
11 6
14 6
17 6
8 7
10 8
16 8
14 9
15 11
15 13
19 13
17 15
19 15
