50
100
2 4 20 8 8 9 6 17 11 13 14 15 18 15 16 17 12 4 13 14 2 14 3 20 17 2 9 2 16 13 18 8 9 20 4 5 17 20 9 4 5 20 11 7 6 14 5 13 19 20 14 15 18 18 3 18 14 10 11 14 11 15 8 20 16 2 9 17 6 15 19 9 3 6 10 6 2 8 13 13 2 10 15 10 15 11 8 10 5 15 20 9 17 12 15 10 13 12 6 15
0 0 44 28 24 20
1 1 40 6 7
2 2 44 34 45
3 3 11 14 40
4 4 13
5 5 4 39 8
6 6 12
7 7 30 28
8 8 32 4 34
9 9 31 1 7 36
10 10 47 39
11 11 37
12 12 4
13 13 24 30
14 14 38 40
15 15 34 13
16 16 17 40 45
17 17 36
18 18 23
19 19 9 18 5 32
20 20 36 43 17 18
21 21 10 46
22 22 4 46 35 14
23 23 32 22
24 24 1
25 25 11 0 18
26 26 44 12
27 27 41 16
28 28 32 44 6 27
29 29 44 27 5 46
30 30 49 21 7
31 31 30
32 32 4 36 37 24
33 33 1 27
34 34 22 2
35 35 6 4
36 36 11 17 13
37 37 18
38 38 24
39 39 25 1 44
40 40 44 16 42
41 41 44
42 42 37 48 32
43 43 17
44 44 2 14 33
45 45 23 18
46 46 10 34
47 47 5
48 48 8 38
49 49 42 7
50 35 37 14 3 38 8 44 20 30 27 46
51 17 30 6 36 13 2 34 25 10 42 5 8 27 20 46 43 23 15 39 12 7 49 32 24
52 5 28 39 11 15 13 6 29 2 47 1 20 22 41
53 31 33 3 39 35 13 25 36 24 48 18 16 9 7 19
54 8 48 46 32 15 28 16 42 20 37 4 33 41 44 27 0 7 18 43 35 5 47 34
55 14 4 7 16 37 40 20 34 25 11 35 22 3 21 43 47 18 5 1 33 0
56 28 24 35 17 48 40
57 45 46 7 4
58 31 3 11 42 35
59 37 16 24 46 38 28 18 17
60 29 45 22 17 23 47 9 35
61 44 14 13 31 42 17 16 36 27 34 32 39 12 23 9 33 22 29 6 4 10 40 2 24 8
62 16 10 23 21 9
63 31 41 13 3 30 18 48 21 32
64 0 35 21 34 48 20 40 9 15 39 37 8 7 16 27 1
65 39 32 9 27 30 10
66 22 39 41 26 30 42 35 28 11 29 48 40 27 5 15 14 13 3
67 13 45 6
68 21 18 38 17 7 47 46 6 37 5 12 27 9 3 42 31 28 10 43 24 14
69 2 28 16 35 37 34 22 23 3 18 11 30 42 31 32 15 8 21 24 19 36
70 39 9 21 42 38 10 19 24 28 43 7 1 13 33
71 36 31 34 46 21
72 44 19 22 26 20 24 42 41 14 15 34 5 21 7 46 29
73 2 46 47 12 39 13 42 29 7 9 23 0 44 32
74 29 3 44 13 41 34 9 28
75 45 8 25 44 24 21 11 39 38 7 20 9 34 0 43 16 22 46 49 29 37 40 3
76 37 21 6
77 9 8
78 12 7 29 18 43
79 14 27 19 8 7 21 5 33 46 38 34 43 35 32 17
80 30 21 37 0 38 48 8 2 13 35 39 43 31 24 33
81 34 2 30 15 27 4 24 28 38 25 45
82 34 5 49 43 45 40 48 25 17 19 23
83 12 14 31 17 47 6 15 3 32 8 39 19 29 25 44 26 37 28 1 22 45
84 10 33 35 12 22 13 40 37 48 5 44 14
85 23 5 19 49 27 35 21 0 33 10
86 49 36 6 48 25 41 21 31 10 16 3 33 5 47 30 23 11 43 39 22 46 2 40 37 28
87 22 12
88 26 8 9 39 42 41 21 20 40 44 19 47 37 1 22 25
89 27 39 35 5 6 19 23 14 46 7 26 28 42 20 1 13 3
90 29 36 46 33
91 14 26 40 1 6 22 31 7 11 36 16 4 13 2 25 39 8
92 18 40 14 30 5 25 34 17 27 46 8 38 9 48 39 37 28 20
93 28 13 9 10 45
94 26 17 31 28 9 19 1 27 29 46 14 36
95 23 17 6 11 44 4 5 39 16 48 10
96 15 17 5 8 49 36 32 1 3 48 31 38 46 20 45 0 27
97 9 7 30 41 32 49 46 8 45 15 24 48 16
98 0 47 18 24 17 12 22 15 6 49 39 35 19 36 43
99 22 10 3 38 7 45 13 47 34 18 33 6 5 42 12
16
7 9 6 10 10  8 3 7  9  9 6 5 7 9 10  10 
2
0 : 12 11 6 : 15 5 4 0 13 : 10 7 8 14 1 9 3 2
1 : 13 6 14 1 12 7 9 0 : 15 3 4 8 10 11 5 2
100
0 199 50 191
1 57 147
0 0 1 2 4 7 8 9 11 15
1 0 1 2 5 6 7 11 12 13 14 15
2 0 1 2 3 5 6 7 8 10 11 12 13 15
3 0 2 6 8 9 10 11 12 13 14 15
4 0 6 8 9 11 12 15
5 6 9 11 12
6 3 5 8 9 13
7 1 2 4 14
8 0 2 4 5 6 9 10 12 13 14
9 1 6 8 9
10 0 1 2 3 4 5 6 7 8 9 10 11 12 13 14 15
11 0 1 2 3 4 6 8 11 12 13 14 15
12 0 2 8 9 11 12
13 0 1 2 3 4 5 6 7 8 9 10 11 12 13 14 15
14 1 4 5 6 7 10 13 15
15 0 1 2 3 4 5 8 9 12 13 15
16 0 1 2 3 4 5 6 7 8 9 10 11 13
17 1 4 6 12 13 14
18 0 1 2 3 4 8 9 10 11 12 13 14 15
19 0 1 2 3 4 5 6 7 8 9 10 11 12 13 14 15
20 0 1 2 3 4 5 6 7 8 9 10 11 12 13 14 15
21 0 1 2 3 4 5 6 7 8 9 10 11 13 14 15
22 0 1 2 3 4 5 6 7 8 9 10 11 12 13 14 15
23 0 2 11
24 1 4 5 8 9 13 15
25 0 1 2 3 4 5 6 7 8 9 10 11 12 13 14 15
26 0 1 2 8 11 12 13 15
27 0 2 4 6 7 8 10 11 14
28 0 2 3 7 8
29 0 1 2 4 5 6 8 9 10 11 12 13 15
30 0 2 3 4 5 6 7 8 9 11 12 14 15
31 0 1 8 12 13 14
32 0 1 2 3 4 5 6 8 9 10 11 12 13 14 15
33 2 3 4 5 6 8 9 10 11 12 14 15
34 2 9 11
35 0 3 7 8
36 0 1 2 3 4 5 6 7 8 9 10 12 13 14 15
37 6 9 12 14
38 0 1 2 3 4 5 6 7 8 9 10 11 12 13 14
39 0 1 2 3 4 5 6 7 8 9 11 12 13 14 15
40 0 2 3 5 6 7 8 9 10 11 12 13 15
41 0 1 2 3 4 5 6 7 8 9 10 11 12 13 14 15
42 0 1 5 7 10 13 14 15
43 1 3 7 10 13 14 15
44 0 4 6 7
45 0 2 3 5 6 7 8 9 10 11 12 13 14
46 0 3 5 7 9 11 15
47 0 1 2 3 4 5 9 10
48 0 5 6 8 9 10 11 13 14 15
49 2 4 5 6 7 8 9 12 13 15
