50
150
4 4 10 15 2 4 9 11 9 17 5 16 16 8 17 14 5 12 14 20 3 13 11 20 20 19 10 8 2 8 11 20 8 6 5 6 4 6 4 4 6 20 12 18 4 3 10 13 14 16 19 16 8 19 11 20 9 14 14 11 5 6 20 20 8 2 14 14 2 2 6 19 15 7 11 20 4 11 11 13 18 3 9 20 3 17 18 10 5 6 10 17 12 8 17 13 19 3 12 4 3 13 17 12 7 3 19 5 7 13 10 4 15 16 10 11 6 6 3 2 17 3 20 11 2 6 2 7 11 2 6 12 15 19 9 7 15 17 2 6 10 19 13 14 5 4 10 20 18 20
0 0 44 28 24 20
1 1 40 6 7
2 2 44 34 45
3 3 11 14 40
4 4 13
5 5 4 39 8
6 6 12
7 7 30 28
8 8 32 4 34
9 9 31 1 7 36
10 10 47 39
11 11 37
12 12 4
13 13 24 30
14 14 38 40
15 15 34 13
16 16 17 40 45
17 17 36
18 18 23
19 19 9 18 5 32
20 20 36 43 17 18
21 21 10 46
22 22 4 46 35 14
23 23 32 22
24 24 1
25 25 11 0 18
26 26 44 12
27 27 41 16
28 28 32 44 6 27
29 29 44 27 5 46
30 30 49 21 7
31 31 30
32 32 4 36 37 24
33 33 1 27
34 34 22 2
35 35 6 4
36 36 11 17 13
37 37 18
38 38 24
39 39 25 1 44
40 40 44 16 42
41 41 44
42 42 37 48 32
43 43 17
44 44 2 14 33
45 45 23 18
46 46 10 34
47 47 5
48 48 8 38
49 49 42 7
50 35 37 14 3 38 8 44 20 30 27 46
51 17 30 6 36 13 2 34 25 10 42 5 8 27 20 46 43 23 15 39 12 7 49 32 24
52 5 28 39 11 15 13 6 29 2 47 1 20 22 41
53 31 33 3 39 35 13 25 36 24 48 18 16 9 7 19
54 8 48 46 32 15 28 16 42 20 37 4 33 41 44 27 0 7 18 43 35 5 47 34
55 14 4 7 16 37 40 20 34 25 11 35 22 3 21 43 47 18 5 1 33 0
56 28 24 35 17 48 40
57 45 46 7 4
58 31 3 11 42 35
59 37 16 24 46 38 28 18 17
60 29 45 22 17 23 47 9 35
61 44 14 13 31 42 17 16 36 27 34 32 39 12 23 9 33 22 29 6 4 10 40 2 24 8
62 16 10 23 21 9
63 31 41 13 3 30 18 48 21 32
64 0 35 21 34 48 20 40 9 15 39 37 8 7 16 27 1
65 39 32 9 27 30 10
66 22 39 41 26 30 42 35 28 11 29 48 40 27 5 15 14 13 3
67 13 45 6
68 21 18 38 17 7 47 46 6 37 5 12 27 9 3 42 31 28 10 43 24 14
69 2 28 16 35 37 34 22 23 3 18 11 30 42 31 32 15 8 21 24 19 36
70 39 9 21 42 38 10 19 24 28 43 7 1 13 33
71 36 31 34 46 21
72 44 19 22 26 20 24 42 41 14 15 34 5 21 7 46 29
73 2 46 47 12 39 13 42 29 7 9 23 0 44 32
74 29 3 44 13 41 34 9 28
75 45 8 25 44 24 21 11 39 38 7 20 9 34 0 43 16 22 46 49 29 37 40 3
76 37 21 6
77 9 8
78 12 7 29 18 43
79 14 27 19 8 7 21 5 33 46 38 34 43 35 32 17
80 30 21 37 0 38 48 8 2 13 35 39 43 31 24 33
81 34 2 30 15 27 4 24 28 38 25 45
82 34 5 49 43 45 40 48 25 17 19 23
83 12 14 31 17 47 6 15 3 32 8 39 19 29 25 44 26 37 28 1 22 45
84 10 33 35 12 22 13 40 37 48 5 44 14
85 23 5 19 49 27 35 21 0 33 10
86 49 36 6 48 25 41 21 31 10 16 3 33 5 47 30 23 11 43 39 22 46 2 40 37 28
87 22 12
88 26 8 9 39 42 41 21 20 40 44 19 47 37 1 22 25
89 27 39 35 5 6 19 23 14 46 7 26 28 42 20 1 13 3
90 29 36 46 33
91 14 26 40 1 6 22 31 7 11 36 16 4 13 2 25 39 8
92 18 40 14 30 5 25 34 17 27 46 8 38 9 48 39 37 28 20
93 28 13 9 10 45
94 26 17 31 28 9 19 1 27 29 46 14 36
95 23 17 6 11 44 4 5 39 16 48 10
96 15 17 5 8 49 36 32 1 3 48 31 38 46 20 45 0 27
97 9 7 30 41 32 49 46 8 45 15 24 48 16
98 0 47 18 24 17 12 22 15 6 49 39 35 19 36 43
99 22 10 3 38 7 45 13 47 34 18 33 6 5 42 12
100 0 4 36 13 41 14 9 48 31 18 23 24 27 33 29 30 49 20 46 5 43
101 24 0 3 36 31 15 1 41 29 23 49 33 12 14 5 7 39 43 37 18 10 9 6 34
102 37 24 27 32 43 3 17 18 25 46 12 36 41 28 1 14 30 9 26 35 45
103 49 44 9
104 16 1 38 45 13 48
105 43 23 1 16 27 17 26 38 40 18 13 6 36
106 15 31 21 27 16 42 23 20 40 44 39 8 47 26 6 38 29 34 19 22 32 43 18
107 46 10 32 35 27 39
108 41 11 37 29 7 18 34 0 6 40 20
109 29 6 31 21
110 3 42 6 23 9 24 4 35 12 45 25
111 35 10
112 8 17 34
113 32 42 37 33 10 2 36 8 6 17 35 45 25 4
114 33 23 36 24 11 39 18 22 14 34 13 6 49 28 4 16 9 31 3 20 40 43 47 27 21
115 18 17 38 26 5
116 14 15 40 49 12 9 45 35 6 38 22 42 16 17 27 3 37 5 8 1 0 18 10 13 25
117 10 2 37 33 42 11 6 7 9 38 16 35 39 36 17 18 3 15 26 41 4 44 8 20
118 31 40 26 21 49 5 48 6 28 35 34
119 31 49 13 7 17 40 11 1 35 43 3 16 39 10 12 26 20 33 14
120 47 2
121 18 45 12 5 4 7 17 41 44
122 41 45 30 12 33 16 39 34 11 32 5 22 42 4 0 24 18 13
123 12 35 38 27 34
124 21 28 47 32 46
125 43 17 30 10 48 35 21 25 28 47 5 19 16 9 13 40 37 32 14 38
126 41 49 29 47 43 34 18 40 19 23 3 48 22 2 38 17 16
127 23 47 17 48 45 22 21 2 43 32 33 14 13 1 6 3 39
128 0 10 18 38 17 6 20 39 5 34 26 16 4 23 15 27 49 35 42 25 41 13 21 30 8
129 46 4 2 33 25
130 15 33 10 46 27 0 18 34 25 9 42
131 16 8 2 30 40 48 0 43 4
132 1 38 25 17 37 8 14 43 7 40 45 29 30 23 0 32 11 18 19 26 15 16 4 48
133 31 15 2 33 48
134 41 8 46 25 23 24 4 2 1 18 37 45 34 29 11 16 14 15 43
135 22 25 21 27 26 1 19 11 44 5 42 0 30 34 13
136 48 16 18 28 24 10 8 13 40 36 41 15
137 5 25 35 40 26 45 20 4 19 27 39 9 46 1 16 49 48 38 10 28 14 37 15
138 34 28 18 33 14 19 36 47 32 48 30 49 1 22 17 42 46 43 12
139 37 3
140 32 36 9 45 17 28 42 26 21 44 1 20 38 35 24 8 4 49 47 19 41 29
141 22 5 2
142 19 5 7
143 15 30 6 14 3 27 17 40 25 37 1 46 9 44 32 49 2 33 12 0 24 19
144 48 30 13 20 1 36 38 2 12 21 8 16 37 28 29 44 45 24 7 41
145 31 25 36 39 48 47 40 34 23 45 8
146 49 25 45 26 22 16 3 39 48 27 0 14 5 37 23 47 35 7 30 2 15 36 33
147 23 1 24 36 47 49
148 6 38 39 31 10 45 40 0 19 32 14 9 8
149 39 46 43 44 37 38 47 1 40 19 2 5 0 7 23 27 14 24 4 15 20
16
2 3 2 4 9 7 7 9 10 7 7 9 9 4 9 3
4
0 : 5 3 13 9 : 8 4 11 7 : 14 10 6 15 : 0 1 2 12
1 : 10 13 : 3 0 5 2 1 12 : 9 7 4 11 15 : 8 14 6
2 : 12 8 : 0 14 : 2 5 : 10 15 : 9 11
3 : 12 10 6 1 : 11 5 13 : 9 3 : 15 8 2 0 : 4 14 : 7
100
0 116 190 143 144
1 198 127 146 192
2 154 58 161 176 147
3 179 70 53 152 181 182
0 0 1 2 4 5 6 7 8 10 11 12 13 14 15
1 0 1 2 3 5 6 7 8 12 13 14
2 2 3 5 6 7 8 9 10 13 14 15
3 0 1 3 4 5 6 7 8 9 10 11 12 13 14 15
4 0 1 2 4 5 6 7 8 9 11 12 13 14 15
5 2 4 5 15
6 4 6 15
7 0 3 4 6 9 11 12 14 15
8 0 1 3 4 5 6 7 8 9 10 11 12 13
9 0 1 2 3 4 5 7 8 9 12 13 14 15
10 0 3 13 15
11 0 1 2 3 4 5 7 8 9 10 11 12 13 14 15
12 0 1 4 7 9 10 13 14
13 1 2 3 4 5 6 8 9 11 12 15
14 0 1 2 7 9 11 12 13 14 15
15 0 1 2 3 4 6 7 8 9 10 11 12 13 14 15
16 0 3 5 6 10 15
17 0 1 2 3 4 5 6 7 8 9 10 12 15
18 0 1 2 3 5 7 8 9 10 12 13 15
19 0 2 3 4 5 9
20 0 1 3 4 5 6 7 10 12 14
21 1 4 8 14
22 0 1 3 5 6 9 14 15
23 0 1 2 3 5 6 8 9 10 11 12 13 14 15
24 0 1 2 3 4 5 6 7 8 9 11 12 14
25 0 5 9 10 12 14
26 0 2 3 4 6 7 8 10 13 14
27 3 4 5 7 9 10 11 12 13 14 15
28 0 1 2 3 4 5 6 7 10 12 13 14 15
29 0 2 3 4 5 6 7 8 10 11 12 14
30 4 5 8 13 15
31 1 2 4 6 12
32 0 1 2 4 5 6 7 8 10 11 12 13 14
33 6 12 13 14 15
34 0 1 2 3 4 5 6 7 8 9 10 11 12 13 14 15
35 2 3 5 9 12 13 14 15
36 0 1 2 3 4 5 6 8 9 10 11 12 14 15
37 8 9 11 12 14
38 0 1 2 3 4 5 6 7 8 9 11 12 13 14 15
39 0 1 2 3 4 6 8 10 13 15
40 0 1 4 10 11 14 15
41 1 2 3 4 6 7 8 9 10 11 12 13
42 4 5 10
43 0 1 2 3 4 5 6 7 8 9 10 11 12 13 14 15
44 0 4 5 6 11 12 13 14 15
45 1 4 5 9 10 13 15
46 0 2 3 4 5 6 7 8 10 11 12 13 14 15
47 0 3 4 9 10 14
48 1 3 4 5 6 7 9 11
49 0 1 2 4 5 6 8 9 11 13 14 15
