50
50
8 13 6 18 13 16 5 4 7 4 3 10 14 10 6 10 5 7 13 12 6 17 9 8 3 17 11 17 12 18 2 16 19 2 12 19 12 6 9 20 6 5 10 15 2 6 18 6 15 17
0 0 44 28 24 20 39 36 21
1 1 6 7 41 19 44 34 45 33 11 14 40
2 2 13
3 3 4 39 8 45 2 12
4 4 30 28 34
5 5 32 4 34 29 31 1
6 6 36 15
7 7 40 46 6 37 4 8 24 30 41 13
8 8 40 11 34 13 18 17 45 7 36 47
9 9 23
10 10 9 18 5 32 25 36 43 20
11 11 20 18 8 10 46
12 12 4 46 22 35 14 9 32 41
13 13 1 17
14 14 0 18 9
15 15 10 41 16 27
16 16 44 6 27 49 46 31 5 41 20
17 17 7 4 31 30 36 37
18 18 15 1 27 38 37 42 12
19 19 2 12 6 4 42 17
20 20 17 13 45
21 21 43 2 18 3 24 23 25 1 44 37
22 22 44 16 42 43 7 37
23 23 7 17 18 2 14 33 13 9 10
24 24 5 14 8 38 42 7 35 19 37
25 25 3 38 8 44
26 26 30 27 46 17 44 6
27 27 13 2 34 25 10 42 5 30 8 36
28 28 46 43 23 15 39 12
29 29 7 2 49 32 24 5 25 28 39 11 15
30 30 6 29 2 39
31 31 20
32 32 41 31 27 33 3 39
33 33 13 25 36 31 24 48 18 16 9
34 34 36 19
35 35 42 48 46
36 36 15 28 16 42 20 48 37 4 33
37 37 44 27 16 0 7 18 43 35 5 47 34
38 38 39 4 14 7
39 39 37 40 20 34 25
40 40 35 22 3
41 41 21 43 47 18 5 25 1 33 0 28
42 42 24 35 17
43 43 48 40 45 5 46 7 4 31
44 44 3 11
45 45 35 37 13 16 24 46 38 28 18 17 29
46 46 45 22 17 23
47 47 35 44 46
48 48 13 31 42 17
49 49 36 17 27 34 32
8
4 7 10 8 9 10 9 4
2
0 : 0 6 7 2 : 5 1 4 3
1 : 3 0 7 4 : 2 6 1 5
100
0 197 117
1 125 72
0 0 1 4 5 6 7
1 0 5 6 7
2 0 2 4 6 7
3 0 1 2 3 4 5 6 7
4 0 3 5 7
5 0 1 2 3 4 5
6 0 2 3 4
7 0 1 2 4 5 6 7
8 3 4 5 7
9 0 3 4 6
10 2 3 4 5
11 1 2 3 4 5 6 7
12 0 2 3 4 5 6
13 1 2 3 4 5 6 7
14 1 2 3 4 5 6
15 1 2 4 5
16 0 3 7
17 0 1 2 3 4 5 6 7
18 0 1 2 3 4 5 6 7
19 0 1 2 3 4 5 6 7
20 0 1 2 4 5
21 0 2 3 5 7
22 0 1 2 3 5 6 7
23 1 2 3
24 0 1 2 3 4 5 6 7
25 1 2 3 4 5 6 7
26 0 1 4 6 7
27 3 4 5 7
28 0 1 3 4 5 6 7
29 0 2 3 4 6 7
30 0 1 2 3 4 5 6 7
31 0 1 4 6 7
32 1 2 3 4 5 6 7
33 0 1 2 3 4 5 6 7
34 3 4 5 6
35 2 3 6
36 3 4 6
37 0 1 2 4 5 6 7
38 0 1 2 4 6 7
39 3 5 6
40 2 4 5 6 7
41 0 1 2 3 4 5 6 7
42 3 6 7
43 2 4 5 7
44 1 2 4 5 7
45 0 1 2 3 4 5 6
46 0 1 2 3 4 5 6
47 2 3 5 6
48 0 3 6
49 1 3 4 5 6 7
