50
80
35 33 33 26 58 58 27 41 37 26 57 41 57 29 26 51 30 25 44 34 59 36 22 54 43 38 50 57 31 35 54 28 44 56 45 41 58 30 39 29 59 27 33 56 51 41 49 42 40 44 34 54 25 54 54 49 44 32 33 49 29 20 52 32 33 54 48 28 44 41 59 27 29 54 20 29 49 60 23 22
0 5 27 3 6 9 41 37 38 24 26 14
1 14 21 1 3 27 5 4 2 24 38 37
2 3 8 4 5 18 9 16 6 2 25 28
3 2 7 0 29 33 14 26 24 38 37 41
4 21 14 1 9 31 4 0 20 3 2 39
5 18 9 6 30 32 31 4 0 43 2 11
6 17 14 49 3 28 25 2 6 9 46 47
7 47 34 40 8 24 2 0 5 27 3 20
8 47 46 9 31 4 8 23 7 2 3 20
9 46 29 33 14 49 3 6 2 0 5 4
10 47 46 29 13 2 43 0 14 49 3 48
11 5 4 19 42 2 37 41 9 12 1 3
12 12 9 46 29 0 5 4 2 37 6 3
13 27 5 4 31 32 30 2 37 6 3 48
14 3 1 14 44 0 2 39 16 9 36 10
15 42 2 24 26 14 22 8 34 19 4 5
16 28 3 49 14 44 0 7 23 8 40 34
17 43 2 24 8 34 47 46 9 18 5 27
18 38 37 2 7 0 44 14 49 3 27 5
19 28 25 10 13 2 4 31 9 1 14 44
20 2 4 31 9 1 14 26 24 8 40 34
21 28 25 10 0 4 19 34 40 8 24 38
22 35 14 26 24 2 19 4 31 9 12 45
23 37 38 24 8 22 14 1 12 45 0 10
24 22 14 1 3 8 4 0 10 25 2 13
25 3 8 22 14 44 0 10 25 2 42 19
26 11 0 4 8 40 34 19 42 2 25 28
27 42 19 2 0 45 12 1 15 10 36 9
28 31 9 36 10 25 28 3 2 42 19 34
29 32 30 2 13 10 0 17 14 49 3 8
30 2 19 34 8 24 26 14 0 45 12 1
31 2 7 0 29 46 9 1 15 10 25 28
32 21 1 14 35 0 20 3 2 25 10 15
33 19 2 11 0 1 14 33 29 46 9 31
34 39 16 9 36 10 1 21 14 0 29 33
35 9 31 4 19 2 0 1 10 25 28 3
36 42 19 4 8 3 2 39 16 9 46 29
37 39 16 9 1 21 14 17 0 48 3 49
38 19 4 31 32 30 6 3 2 13 29 46
39 24 2 39 16 9 1 0 29 46 47 34
40 28 3 48 0 4 5 18 9 16 39 2
41 43 0 5 18 9 41 37 2 3 49 14
42 1 0 5 18 9 41 37 2 3 49 14
43 33 14 49 3 2 43 0 1 15 10 36
44 6 16 39 2 30 32 31 4 0 29 13
45 34 40 8 24 2 0 5 4 31 9 41
46 44 14 26 24 2 0 5 4 31 9 41
47 19 2 25 28 3 1 10 36 9 6 30
48 26 14 21 1 9 46 47 34 8 24 38
49 20 0 14 49 3 6 9 41 37 2 13
50 42 2 6 3 48 0 44 14 1 9 18
51 15 10 1 14 35 0 11 2 19 34 8
52 15 10 25 28 3 2 0 4 31 32 30
53 21 1 3 49 14 0 11 2 6 37 41
54 7 0 43 2 30 6 9 12 1 3 49
55 46 9 6 37 2 13 10 0 44 14 22
56 2 3 28 25 10 15 1 14 33 29 46
57 46 9 31 4 8 23 7 0 2 3 49
58 39 16 6 30 2 13 29 46 47 34 8
59 42 19 2 11 0 5 4 31 9 1 21
60 7 23 8 3 20 0 10 36 9 1 21
61 23 7 0 20 3 49 14 26 24 38 37
62 44 14 49 3 48 0 2 39 16 6 9
63 29 33 14 0 5 18 9 16 6 37 38
64 3 28 25 2 4 31 9 16 6 37 38
65 41 37 2 30 32 31 9 18 5 0 4
66 9 12 1 21 14 33 29 13 10 0 48
67 45 12 1 14 0 4 8 34 47 46 29
68 25 28 3 8 4 2 43 0 1 14 44
69 25 28 3 8 4 2 43 0 1 10 36
70 11 2 19 4 5 0 35 14 1 10 13
71 38 24 8 23 7 2 4 31 9 12 45
72 20 3 49 14 33 29 13 10 1 0 44
73 11 2 4 5 18 9 41 37 6 16 39
74 0 45 12 9 36 10 15 1 3 2 13
75 16 39 2 24 38 37 41 9 46 47 34
76 22 14 33 29 13 2 43 0 10 25 28
77 37 41 9 6 30 2 43 0 10 25 28
78 39 16 6 30 2 0 48 3 8 34 40
79 37 6 9 12 45 0 1 21 14 33 29
6
23 12 30 20 20 13
2
0 : 3 0 : 2 5
1 : 5 3 4 2 : 1 0
100
0 173 92
1 169 158
0 3 5
1 0 2 3 4 5
2 0 1 3 4 5
3 0 2 5
4 0 1 2
5 0 1 2 3
6 4 5
7 0 2 4 5
8 0 1 4 5
9 0 1 3 4
10 0 1 3 5
11 1 4 5
12 2 4
13 0 1 2 3 4 5
14 0 2 3 4 5
15 3 4
16 0 4 5
17 1 2 3 4 5
18 0 1 4
19 3 4
20 3 5
21 0 1 2 3 4 5
22 0 1 2 3 4 5
23 0 1 2 3 4 5
24 0 2 3 4 5
25 0 1 2 3 4 5
26 0 1 3 4
27 0 2
28 0 4
29 0 1 2 3 4 5
30 0 1 2 3 4 5
31 0 1 2 3 4 5
32 0 1 2 3 4 5
33 0 5
34 0 3
35 1 4
36 0 1 2 3 4 5
37 1 2 3 4
38 0 1 4 5
39 1 2 3 4 5
40 1 2 3 4 5
41 2 3 4
42 0 1
43 0 5
44 1 2 3 5
45 1 2
46 1 2 3 5
47 0 2 3
48 0 1 2 3 4
49 0 1 2 4
10
242
0 1
0 2
0 4
0 5
0 7
0 10
0 11
0 14
0 17
0 20
0 29
0 35
0 43
0 44
0 45
0 48
1 3
1 9
1 10
1 12
1 14
1 15
1 21
2 3
2 4
2 6
2 7
2 11
2 13
2 19
2 24
2 25
2 30
2 37
2 39
2 42
2 43
3 6
3 8
3 20
3 27
3 28
3 48
3 49
4 5
4 8
4 19
4 31
5 18
5 27
6 9
6 16
6 30
6 37
7 23
8 22
8 23
8 24
8 34
8 40
9 12
9 16
9 18
9 31
9 36
9 41
9 46
10 13
10 15
10 25
10 36
12 45
13 29
14 17
14 21
14 22
14 26
14 33
14 35
14 44
14 49
16 39
19 34
19 42
24 26
24 38
25 28
29 33
29 46
30 32
31 32
34 40
34 47
37 38
37 41
46 47
1 0
2 0
4 0
5 0
7 0
10 0
11 0
14 0
17 0
20 0
29 0
35 0
43 0
44 0
45 0
48 0
3 1
9 1
10 1
12 1
14 1
15 1
21 1
3 2
4 2
6 2
7 2
11 2
13 2
19 2
24 2
25 2
30 2
37 2
39 2
42 2
43 2
6 3
8 3
20 3
27 3
28 3
48 3
49 3
5 4
8 4
19 4
31 4
18 5
27 5
9 6
16 6
30 6
37 6
23 7
22 8
23 8
24 8
34 8
40 8
12 9
16 9
18 9
31 9
36 9
41 9
46 9
13 10
15 10
25 10
36 10
45 12
29 13
17 14
21 14
22 14
26 14
33 14
35 14
44 14
49 14
39 16
34 19
42 19
26 24
38 24
28 25
33 29
46 29
32 30
32 31
40 34
47 34
38 37
41 37
47 46
0 50
1 50
2 50
3 50
4 50
5 50
6 50
7 50
8 50
9 50
10 50
11 50
12 50
13 50
14 50
15 50
16 50
17 50
18 50
19 50
20 50
21 50
22 50
23 50
24 50
25 50
26 50
27 50
28 50
29 50
30 50
31 50
32 50
33 50
34 50
35 50
36 50
37 50
38 50
39 50
40 50
41 50
42 50
43 50
44 50
45 50
46 50
47 50
48 50
49 50
