20
10
8 14 11 10 5 16 16 9 10 18
0 15 1 3 6 9 18 5 4 0 17 14
1 13 2 4 0 10 15 1 12 9 6 16
2 11 0 7 2 4 5 18 9 16 6 3
3 19 4 2 3 6 16 9 1 14 0 5
4 3 2 6 9 12 1 15 10 0 4 8
5 16 9 12 1 14 17 0 2 13 10 15
6 2 13 10 1 12 9 18 5 4 8 3
7 14 17 0 5 18 9 1 10 13 2 11
8 7 2 0 5 18 9 16 6 3 1 12
9 3 1 14 17 0 10 13 2 6 9 16
6
3 4 8 9 5 4
2
0 : 4 0 : 2 1 : 3 5
1 : 5 2 3 : 4 0 : 1
100
0 108 62 85
1 93 70 61
0 0 1 2 3 4 5
1 0 1 2 3
2 0 1 2 3 4 5
3 0 1 3
4 1 2 4 5
5 0 1 4 5
6 0 1 2
7 1 2 3
8 0 1 2 3 4 5
9 2 5
10 0 1 3 5
11 0 2 3 4 5
12 0 1 3 4 5
13 0 2 5
14 0 1 2
15 0 1 2 3
16 4 5
17 0 2 4 5
18 0 1 4 5
19 0 1 3 4
10
92
0 1
0 2
0 4
0 5
0 7
0 10
0 11
0 14
0 17
1 3
1 9
1 10
1 12
1 14
1 15
2 3
2 4
2 6
2 7
2 11
2 13
2 19
3 6
3 8
4 5
4 8
4 19
5 18
6 9
6 16
9 12
9 16
9 18
10 13
10 15
14 17
1 0
2 0
4 0
5 0
7 0
10 0
11 0
14 0
17 0
3 1
9 1
10 1
12 1
14 1
15 1
3 2
4 2
6 2
7 2
11 2
13 2
19 2
6 3
8 3
5 4
8 4
19 4
18 5
9 6
16 6
12 9
16 9
18 9
13 10
15 10
17 14
0 20
1 20
2 20
3 20
4 20
5 20
6 20
7 20
8 20
9 20
10 20
11 20
12 20
13 20
14 20
15 20
16 20
17 20
18 20
19 20
