50
80
44 48 27 33 56 51 41 49 42 40 44 34 54 25 54 54 49 44 32 33 49 29 20 52 32 33 54 48 28 44 41 59 27 29 54 20 29 49 60 23 22 26 21 32 27 38 34 47 28 41 53 34 54 55 37 47 57 58 28 33 59 51 53 38 50 47 44 58 45 54 25 60 45 39 32 34 37 26 26 52
0 19 34 40 8 22 14 1 9 6 2 30
1 9 36 10 15 1 14 0 29 46 47 34
2 39 16 6 3 20 0 2 19 4 31 32
3 1 14 26 24 38 37 2 39 16 9 12
4 33 29 46 9 1 3 2 0 44 14 22
5 6 30 2 4 31 9 12 1 21 14 0
6 34 47 46 9 6 37 2 7 23 8 4
7 44 14 21 1 10 0 29 13 2 4 5
8 19 42 2 11 0 5 18 9 31 32 30
9 26 14 17 0 7 23 8 4 31 9 36
10 20 3 48 0 10 1 21 14 22 8 24
11 42 19 34 47 46 9 12 45 0 1 21
12 15 1 3 6 9 46 47 34 8 24 38
13 15 10 1 0 35 14 49 3 8 23 7
14 21 1 0 5 27 3 6 30 2 13 29
15 7 2 4 5 27 3 48 0 44 14 35
16 46 29 33 14 21 1 9 16 6 2 3
17 2 0 14 22 8 40 34 47 46 9 6
18 46 9 6 2 37 38 24 8 40 34 19
19 39 16 9 12 45 0 11 2 6 30 32
20 42 19 34 8 3 1 0 29 33 14 22
21 7 23 8 4 5 18 9 1 0 44 14
22 23 8 4 2 25 10 36 9 16 6 37
23 44 0 1 3 49 14 22 8 34 47 46
24 29 0 1 3 49 14 22 8 34 47 46
25 3 27 5 4 0 1 9 36 10 25 28
26 41 9 18 5 0 1 3 2 24 38 37
27 9 6 16 39 2 0 14 49 3 28 25
28 45 12 9 46 29 13 2 4 8 3 28
29 25 2 19 34 40 8 24 38 37 6 16
30 25 10 1 21 14 49 3 27 5 4 8
31 11 2 24 26 14 35 0 4 8 34 19
32 38 37 41 9 6 30 32 31 4 5 27
33 20 3 1 15 10 36 9 18 5 4 2
34 11 0 45 12 9 6 2 42 19 34 47
35 0 10 25 28 3 8 34 19 4 2 37
36 16 6 30 32 31 4 8 23 7 2 25
37 22 8 4 0 45 12 1 10 13 29 33
38 37 41 9 31 4 2 43 0 1 10 15
39 39 2 0 45 12 9 41 37 38 24 26
40 37 2 25 10 15 1 0 4 19 34 40
41 21 14 26 24 8 23 7 0 10 1 15
42 9 36 10 1 0 2 3 8 4 5 18
43 8 4 0 11 2 25 28 3 1 14 49
44 7 23 8 34 47 46 29 13 2 39 16
45 29 33 14 1 10 13 2 6 9 46 47
46 43 0 20 3 6 37 2 24 8 22 14
47 27 3 28 25 2 13 29 0 44 14 35
48 19 34 40 8 4 2 39 16 9 1 21
49 7 2 42 19 4 8 40 34 47 46 9
50 5 4 19 2 13 10 1 3 8 22 14
51 46 29 0 7 23 8 40 34 19 4 5
52 38 24 2 19 34 8 3 1 0 29 33
53 43 0 45 12 9 31 32 30 2 19 42
54 32 30 2 6 9 31 4 19 34 8 24
55 30 32 31 9 36 10 0 1 3 2 42
56 21 1 9 16 39 2 6 3 20 0 29
57 0 4 31 9 41 37 6 2 13 29 33
58 38 37 41 9 6 2 3 27 5 4 31
59 2 3 49 14 26 24 38 37 41 9 18
60 35 0 7 23 8 24 2 39 16 6 37
61 43 0 10 36 9 46 29 33 14 26 24
62 24 38 37 6 16 9 1 3 49 14 33
63 34 19 4 2 37 38 24 8 3 1 10
64 2 13 10 0 29 46 9 16 6 30 32
65 15 1 0 5 18 9 16 6 2 4 19
66 4 5 18 9 12 45 0 29 33 14 49
67 28 25 2 39 16 9 18 5 4 8 40
68 24 2 19 4 0 20 3 6 9 36 10
69 45 12 1 15 10 25 2 4 19 34 40
70 19 42 2 0 48 3 1 9 41 37 38
71 49 14 33 29 13 2 3 27 5 0 10
72 48 3 6 37 38 24 26 14 0 2 43
73 17 14 22 8 3 20 0 2 24 38 37
74 23 7 0 29 46 47 34 8 22 14 49
75 39 2 30 32 31 9 46 29 13 10 25
76 31 9 18 5 4 8 23 7 2 42 19
77 47 34 40 8 4 0 48 3 1 10 25
78 15 10 36 9 6 3 49 14 44 0 48
79 3 6 2 24 26 14 33 29 0 7 23
8
23 12 30 20 20 13 12 25
4
0 : 2 0 : 7 5 : 3 4
1 : 4 7 : 5 6
2 : 7 5 : 1 4 6
3 : 6 2 : 1 3
100
0 71 149 162
1 141 142
2 61 186
3 92 127
0 0 3 4 5 7
1 0 3 4
2 0 1 2 3 5 7
3 0 1 2 3 4 6 7
4 0 2 3 4 5
5 0 2 3 4 5 6 7
6 0 1 4 7
7 1 2 5
8 0 1 7
9 0 1 2 3 4 5 6 7
10 2 3 4 5 6 7
11 0 1 2 3 4 5 6 7
12 0 1 2 3 4 6 7
13 0 1 2 4 5 6 7
14 0 6
15 1 4 5 6 7
16 0 7
17 0 2 3 4 5 6
18 3 7
19 2 3 4 5 7
20 1 2 4
21 2 3 7
22 0 1 2 4 5 6 7
23 0 2 6 7
24 0 1 3 4 5 7
25 4 7
26 0 1 2 3 4 5 6 7
27 0 2 4 5 6 7
28 0 1 3 4 7
29 0 3 4 5 7
30 0 7
31 2 6
32 0 1 2 3 4 5 6 7
33 2 5 6
34 1 2 3 4 5 6 7
35 0 1 2 3 4 5 6 7
36 0 1 3 4 5 7
37 0 1 2 3 5 6 7
38 1 2 5
39 0 1 3 5 7
40 0 2 4 7
41 0 1 2 4 6
42 0 2 7
43 0 1 4 5 6
44 1 2 3 4 7
45 0 1 3 5 7
46 0 1 3
47 0 1 2 3 4 5 6 7
48 5 7
49 0 1 4 5
10
242
0 1
0 2
0 4
0 5
0 7
0 10
0 11
0 14
0 17
0 20
0 29
0 35
0 43
0 44
0 45
0 48
1 3
1 9
1 10
1 12
1 14
1 15
1 21
2 3
2 4
2 6
2 7
2 11
2 13
2 19
2 24
2 25
2 30
2 37
2 39
2 42
2 43
3 6
3 8
3 20
3 27
3 28
3 48
3 49
4 5
4 8
4 19
4 31
5 18
5 27
6 9
6 16
6 30
6 37
7 23
8 22
8 23
8 24
8 34
8 40
9 12
9 16
9 18
9 31
9 36
9 41
9 46
10 13
10 15
10 25
10 36
12 45
13 29
14 17
14 21
14 22
14 26
14 33
14 35
14 44
14 49
16 39
19 34
19 42
24 26
24 38
25 28
29 33
29 46
30 32
31 32
34 40
34 47
37 38
37 41
46 47
1 0
2 0
4 0
5 0
7 0
10 0
11 0
14 0
17 0
20 0
29 0
35 0
43 0
44 0
45 0
48 0
3 1
9 1
10 1
12 1
14 1
15 1
21 1
3 2
4 2
6 2
7 2
11 2
13 2
19 2
24 2
25 2
30 2
37 2
39 2
42 2
43 2
6 3
8 3
20 3
27 3
28 3
48 3
49 3
5 4
8 4
19 4
31 4
18 5
27 5
9 6
16 6
30 6
37 6
23 7
22 8
23 8
24 8
34 8
40 8
12 9
16 9
18 9
31 9
36 9
41 9
46 9
13 10
15 10
25 10
36 10
45 12
29 13
17 14
21 14
22 14
26 14
33 14
35 14
44 14
49 14
39 16
34 19
42 19
26 24
38 24
28 25
33 29
46 29
32 30
32 31
40 34
47 34
38 37
41 37
47 46
0 50
1 50
2 50
3 50
4 50
5 50
6 50
7 50
8 50
9 50
10 50
11 50
12 50
13 50
14 50
15 50
16 50
17 50
18 50
19 50
20 50
21 50
22 50
23 50
24 50
25 50
26 50
27 50
28 50
29 50
30 50
31 50
32 50
33 50
34 50
35 50
36 50
37 50
38 50
39 50
40 50
41 50
42 50
43 50
44 50
45 50
46 50
47 50
48 50
49 50
