50
50
12 20 6 7 6 5 18 17 12 11 12 9 9 19 19 3 8 16 13 18 3 19 6 14 7 5 7 2 13 16 3 12 2 5 11 15 6 4 9 19 17 20 6 19 17 18 3 15 16 14
0 2 3 8
1 24 2 19
2 39 2 25
3 21 1 0 2 42
4 19 2 24
5 28 25 2 39
6 1 10 13
7 36 9 6
8 34 47 46
9 44 0 29
10 22 14 26
11 20 0 2 24
12 15 1 3 8 34
13 5 0 1 21
14 7 2 37 41
15 46 29
16 24 8 34 47 46
17 39 2 13
18 7 0 1 9
19 0 44
20 29 46 9 12
21 44 0 2 13
22 9 1 3 28
23 25 2 0 44
24 25 10 1 21
25 39 2 24 38
26 20 0 1 9
27 34 8 4 0
28 16 9
29 46 9 1 3 49
30 37 2 3 8 40
31 37 2
32 6 9
33 8 3 1 12
34 7 0 29
35 43 0 14
36 27 3 2 19
37 7 0 1 21
38 33 29 46
39 38 24 8 34
40 32 30 2 0 17
41 27 3 1 21
42 0 2 24 38
43 2 13
44 39 2 43
45 24 2 43
46 34 8 4 5 18
47 30 2 0 1 15
48 4 8 24
49 38 24
8
8 3 7 7 3 3 9 9
2
0 : 6 : 3 0
1 : 5 : 4 : 7 : 2
100
0 165 114
1 180 112 61 186
0 0 1 2 3 4 5 6 7
1 0 1 2 4 5 7
2 0 2 3 4 5
3 6
4 0 2 3 4 5 6
5 0 1 2 4 5
6 0 1 4 5 7
7 0 1 3 4 6 7
8 0 1 2 4
9 0 1 3 4 5
10 0 2 3 5 6 7
11 0 1 3 4
12 0 6
13 0 1 2 3 4 5 6 7
14 0 6
15 0 1 2 3 4 6 7
16 0 7
17 5
18 0 1 3 4 6 7
19 0 2 3 4 5 6 7
20 1 2 4 5 6
21 0 1 2 3 4 5 6 7
22 1
23 0 1 4 6 7
24 0 3
25 1 3 4 5 6
26 0 2 4 5 6 7
27 0 1 2 3 4 6 7
28 0 1 2 3 4 5 6 7
29 3 4 5 7
30 0 1 2 3 4 5 6 7
31 1 2 3 4 5 6
32 1 2 3 4 7
33 0 2 3 4 6 7
34 0 1 5
35 0 1 2 6 7
36 1 2 5
37 0 1 2 3 4 5 6 7
38 7
39 5
40 0 1 2 4 5 6
41 0 1 4 5 6
42 1 2 3 4 5 6 7
43 5 6 7
44 0 1 2 3 5 6 7
45 4 5
46 0 2 4 5 7
47 1 2
48 0 1 6 7
49 3 7
