50
50
29 34 18 28 14 35 19 25 12 27 12 15 14 20 10 21 33 40 35 20 24 27 12 33 19 33 36 22 21 12 35 11 33 16 14 30 15 38 25 32 27 31 15 11 22 26 19 19 25 13
0 32 30 5 19 0
1 19 0 3 5 13
2 21 15 5 11 24
3 0 1 7 10 13
4 30 4 38 15 5
5 8 11 24 44 4
6 16 0 4 46 26
7 24 44 4 46 2
8 42 29 48 6 0
9 21 33 7 14 18
10 25 7 3 4 36
11 37 15 9 26 11
12 43 13 10 17 14
13 7 33 21 3 31
14 38 8 0 39 47
15 6 3 0 4 8
16 11 24 6 7 14
17 48 29 5 11 26
18 0 5 42 29 12
19 17 10 0 4 30
20 20 18 5 28 12
21 46 2 4 6 24
22 26 46 4 15 20
23 21 3 36 37 28
24 40 17 10 0 21
25 24 6 3 36 37
26 34 7 12 27 10
27 32 27 6 7 33
28 9 12 27 32 21
29 44 24 4 0 2
30 44 24 4 0 47
31 10 0 45 35 7
32 18 14 4 5 28
33 48 0 47 8 23
34 17 23 5 15 37
35 12 9 0 4 11
36 49 11 26 41 25
37 29 48 0 1 7
38 14 17 18 20 8
39 8 4 6 9 31
40 21 32 30 9 6
41 48 0 1 7 17
42 7 10 13 43 8
43 48 0 10 7 17
44 1 7 10 13 43
45 24 4 8 47 0
46 11 8 4 30 32
47 46 4 44 24 6
48 44 4 15 37 36
49 8 4 15 37 36
16
16 20 14 19 13 15 19 19 15 16 11 19 15 15 14 17
10
0 : 13 4 1 5 : 13 2 : 5 3 11 10 : 13 12 2 1 : 9 14 7 : 11 15
1 : 4 3 : 13 15 : 7 1 : 8 14
2 : 3 4 10 : 9 1 : 2 1 6 4 : 7 6 10 2 : 8 13 : 2 9 : 4 12 : 8 1 4 15
3 : 8 0 : 15 0 : 14 15 : 1 8 : 12 4 : 7 9 : 3 0
4 : 15 7 10 : 2 12 : 7 0 5
5 : 11 12 : 5 7 : 14 15 : 2 3 : 2 13
6 : 4 1 : 3 11 : 4 10 : 13 10 6 : 0 12 4 : 2 11 : 12 1 : 8 6
7 : 10 8 : 4 2 : 11 12 15
8 : 9 4 : 9 6 : 5 6 : 9 5 : 6 4
9 : 11 4 : 9 11 : 2 4 : 12 15 13 : 3 10 : 13 11 : 5 6 14
100
0 80 82 64 71 51 148
1 82 141 93 143
2 66 94 117 94 110 57 51 82
3 114 132 146 139 129 129 71
4 138 84 144
5 106 91 146 113 81
6 122 117 80 126 128 75 115 110
7 122 75 65
8 147 131 72 132 123
9 104 134 113 95 66 123 82
0 0 1 2 3 5 6 7 9 10 11 12 15
1 2 3 4 5 8 9 10 11 14 15
2 1 15
3 1 5 7 8 9 13 14 15
4 1 5 9 12
5 0 1 2 3 4 5 6 7 9 11 12 13 14 15
6 0 1 5 6 9 10 11 12 13 15
7 5 8 10 12
8 4 6 9 12 13 14
9 0 1 3 4 5 6 7 8 9 10 11 12 13 14 15
10 0 1 3 4 5 6 7 8 9 10 14
11 1 12
12 1 3 4 5 8 9 12 13
13 0 1 2 3 4 5 6 7 8 9 10 11 12 13 14 15
14 1 2 3 4 6 7 8 9 11
15 0 2 3 4 8 9 12 14
16 2 3 7 8 9
17 0 1 2 4 6 7 8 9 11 12 13 14
18 1 3 14
19 2 3 7 8 11 12
20 2 14
21 1 2 3 4 6 7 8 9 10 11 12 13 14 15
22 0 1 2 3 5 6 7 8 9 11 12 13 14 15
23 7 11 12 13
24 3 5 6 7 8 9 10 11 12 14 15
25 0 1 2 3 4 6 7 8 9 10 11 12 13 14
26 3 5 9 12 14
27 4 6 9 12
28 0 1 4 5 6 7 8 9 11 13 14
29 0 1 6 7 8 10 12 13 14
30 0 4 5 6 9
31 1 2 4 5 6 7 8 9 10 13 15
32 0 2
33 0 1 2 3 4 5 6 7 8 9 10 11 12 13 14 15
34 1 2 3 4 5 8 9 12 13 14
35 6 9 10 13
36 3 13
37 0 1 2 3 4 5 7 9 10 11 12 13 14 15
38 1 6 14
39 0 1 2 4 5 6 7 8 9 10 11 12 13 14 15
40 3 15
41 0 1 3 5 6 7 8 9 10 11 12 13 15
42 0 1 2 5 9 11 14 15
43 1 2 4 7 10
44 2 7 12 15
45 0 1 3 4 5 6 7 9 11 14 15
46 0 1 2 3 4 5 6 7 10 12 13 14
47 1 8 9 11
48 0 4 9 15
49 3 4 6 7 8 10 13
4
282
0 1
0 2
0 3
0 4
0 5
0 6
0 8
0 9
0 10
0 16
0 19
0 21
0 22
0 35
0 39
0 42
0 45
0 47
0 48
1 7
1 33
2 4
2 46
3 4
3 5
3 6
3 7
3 10
3 13
3 21
3 31
3 36
4 5
4 6
4 8
4 9
4 11
4 14
4 15
4 16
4 24
4 25
4 28
4 30
4 36
4 38
4 44
4 46
5 11
5 13
5 15
5 18
5 19
5 23
5 28
5 29
5 30
5 34
5 42
6 7
6 8
6 9
6 24
6 27
6 48
6 49
7 10
7 12
7 14
7 16
7 17
7 25
7 33
7 34
7 35
8 11
8 12
8 20
8 22
8 23
8 29
8 35
8 38
8 43
8 47
9 12
9 14
9 15
9 26
9 30
9 31
10 13
10 17
10 27
11 24
11 26
11 49
12 27
12 28
12 29
12 45
13 43
13 44
14 17
14 18
15 20
15 21
15 37
15 38
16 19
16 39
17 18
17 22
17 23
17 40
17 41
18 20
18 36
21 32
21 33
22 25
22 40
23 26
24 44
25 41
26 34
26 41
26 46
27 32
28 31
28 37
28 40
29 42
29 48
30 32
35 39
35 45
36 37
39 47
39 49
40 43
1 0
2 0
3 0
4 0
5 0
6 0
8 0
9 0
10 0
16 0
19 0
21 0
22 0
35 0
39 0
42 0
45 0
47 0
48 0
7 1
33 1
4 2
46 2
4 3
5 3
6 3
7 3
10 3
13 3
21 3
31 3
36 3
5 4
6 4
8 4
9 4
11 4
14 4
15 4
16 4
24 4
25 4
28 4
30 4
36 4
38 4
44 4
46 4
11 5
13 5
15 5
18 5
19 5
23 5
28 5
29 5
30 5
34 5
42 5
7 6
8 6
9 6
24 6
27 6
48 6
49 6
10 7
12 7
14 7
16 7
17 7
25 7
33 7
34 7
35 7
11 8
12 8
20 8
22 8
23 8
29 8
35 8
38 8
43 8
47 8
12 9
14 9
15 9
26 9
30 9
31 9
13 10
17 10
27 10
24 11
26 11
49 11
27 12
28 12
29 12
45 12
43 13
44 13
17 14
18 14
20 15
21 15
37 15
38 15
19 16
39 16
18 17
22 17
23 17
40 17
41 17
20 18
36 18
32 21
33 21
25 22
40 22
26 23
44 24
41 25
34 26
41 26
46 26
32 27
31 28
37 28
40 28
42 29
48 29
32 30
39 35
45 35
37 36
47 39
49 39
43 40
