50
100
13 15 6 12 11 6 13 14 19 11 9 9 16 2 3 20 18 15 5 5 20 8 6 9 4 10 6 6 20 16 5 7 12 16 2 9 11 7 4 10 13 9 4 20 20 17 12 15 5 18 6 9 14 2 11 8 5 19 20 15 5 3 19 5 8 4 8 6 11 15 16 12 4 14 14 17 2 13 8 4 17 4 20 6 13 14 18 14 14 15 20 2 6 9 3 10 8 13 10 15
0 37 2 25 28
1 0 1 12
2 29 0 4 8
3 39 2 42
4 21 1 0 20
5 47 34 19 42
6 37 2 0 1
7 22 14 0 2 39
8 27 3 2 30
9 5 0 2 6
10 19 4 8 23
11 46 29 0 7
12 26 14 1 9 46
13 42 2 0 20
14 13 2 7
15 29 0 4
16 29 46
17 14 0 2 30
18 40 8 3 1
19 22 8 4 31
20 11 0 14 22
21 16 9 31 4
22 2 25
23 18 9 31 32
24 30 6 9 18
25 25 2 19 34
26 27 3 1 9 46
27 38 37 6 9
28 5 18
29 34 8 3 28
30 20 3 28
31 13 10 1 9
32 45 0 14 26
33 17 0 4 31
34 9 6 2 19
35 27 5 0 29
36 36 10 0 7 23
37 17 0 2 6
38 44 0 7 23
39 23 8 4 5
40 17 0 5
41 48 0 10
42 31 4 0 17
43 8 3 49
44 32 31 9 1
45 3 48
46 38 37 6 9 46
47 45 0
48 9 1 3 8 23
49 30 6 9 41
50 49 3 1 9 46
51 46 9 6 30
52 30 2 3 49
53 48 3 6 16
54 26 24 8 34 47
55 24 2 0 17
56 22 14 1 15
57 49 3 2 39
58 19 2 39
59 43 0 14 22
60 10 1 3
61 38 24 2 0 45
62 13 29 46 47
63 18 5 0 29 33
64 7 0 5
65 0 2 24 38
66 36 10 13
67 41 9 1 14
68 48 0 4 31
69 23 8 24
70 33 14 1 3 27
71 30 2 3 49
72 46 9 41
73 23 7 0 43
74 45 0
75 3 1 9 36
76 0 1 15
77 41 9 46 29
78 49 14 33
79 14 1 9 36
80 7 2 39
81 37 2 0 1 15
82 7 2 39
83 18 9 1 10
84 24 2 6
85 34 19 2 37
86 27 3 2 30 32
87 3 2 30 32
88 17 0 5 18
89 43 0 5 18
90 46 9 12
91 41 37 2 25 28
92 14 0 2 30
93 26 14 35
94 45 0 14 49
95 44 0 1 9
96 9 1
97 48 0 43
98 23 8 3 1
99 27 5 0 17
16
8 3 7 7 3 3 9 9 9 3 8 5 2 8 5 7
2
0 : 2 4 : 10 0 : 3
1 : 1 : 10 : 15 : 5
100
0 150 135 177
1 141 170 75 135
0 1 6
1 2 8 14
2 0 4 5 6 9 10 11 14 15
3 0 1 2 4 5 6 7 9 11 12 13 14 15
4 1 2 4 8 10 11 13
5 1 3 4 8 9 10 13 15
6 4 11
7 0 1 3 4 6 7 8 11 12 13 15
8 0 2 7 12 13 15
9 0 1 3 4 5 6 7 8 9 10 11 12 14 15
10 0 1 2 3 4 5 6 7 8 9 10 11 13 14 15
11 4 6 7 9 12 13 14
12 1 2 3 4 7 8 9 10 15
13 1 4 5 6 8 9 12 14 15
14 3
15 0 1 3 8 9 10 11 13 14 15
16 0 2 5 6 8 9 10 13 14
17 0 1 2 3 4 6 7 8 9 10 11
18 1 7 9 10 11 12 13 14 15
19 1 2 10 13
20 4 6 7 8 9 10 11
21 1 2 3 4 5 6 7 8 9 10 11 12 13 14 15
22 0 1 2 4 5 6 7 8 9 10 11 12 13 15
23 0 1 2 4 5 6 7 8 9 10 11 12 14
24 0 1 2 3 4 5 6 7 8 9 10 11 12 13 14 15
25 0 2 6 7 8 9 10 12 13
26 1 2 5 6 7 8 9 10 11 12 13 14
27 0 6
28 4 9 10 14
29 1 3 4 5 9 10 11 13 14
30 0 1 2 7 10 13 15
31 0 1 2 3 4 5 6 7 8 9 10 11 13 14 15
32 0 2 3 5 7 8 9 10 13 14
33 4 5
34 1 2 3 4 5 6 8 9 10 11 13 14 15
35 0 3 8 13
36 5 8 11 15
37 0 1 2 3 4 5 6 7 8 9 11 12 13 14 15
38 0 1 2 3 4 5 6 7 8 9 10 11 12 13 15
39 2 4 6 7 10 11 12
40 0 1 2 5 7 8 9 10 11 12 13 14 15
41 0 1 5 6 7 9 10 11 12 13 14 15
42 1 3 4 7 10 14 15
43 0 1 2 3 4 5 6 7 8 9 12 13 14 15
44 1 3 8 9 10
45 0 1 2 3 4 5 6 7 8 9 10 11 12 13 14 15
46 1 2 4 5 6 9 10 11 12 13
47 0 1 3 4 11 12 13 15
48 6 7 8 9 11
49 0 1 2 3 5 6 8 9 10 11 12 13 14 15
