50
150
5 16 2 3 20 18 15 5 5 20 8 6 9 4 10 6 6 20 16 5 7 12 16 2 9 11 7 4 10 13 9 4 20 20 17 12 15 5 18 6 9 14 2 11 8 5 19 20 15 5 3 19 5 8 4 8 6 11 15 16 12 4 14 14 17 2 13 8 4 17 4 20 6 13 14 18 14 14 15 20 2 6 9 3 10 8 13 10 15 11 10 20 17 10 12 6 12 15 11 19 17 6 19 11 16 19 19 16 4 12 11 13 4 14 7 3 18 20 3 7 10 20 14 13 7 13 8 16 6 11 3 11 12 10 4 9 8 19 13 10 15 20 15 11 8 14 3 18 5 10
0 23 8 22 14
1 14 26
2 42 2 0 20
3 13 2 7
4 29 0 4
5 29 46
6 14 0 2 30
7 40 8 3 1
8 22 8 4 31
9 11 0 14 22
10 16 9 31 4
11 2 25
12 18 9 31 32
13 30 6 9 18
14 25 2 19 34
15 27 3 1 9 46
16 38 37 6 9
17 5 18
18 34 8 3 28
19 20 3 28
20 13 10 1 9
21 45 0 14 26
22 17 0 4 31
23 9 6 2 19
24 27 5 0 29
25 36 10 0 7 23
26 17 0 2 6
27 44 0 7 23
28 23 8 4 5
29 17 0 5
30 48 0 10
31 31 4 0 17
32 8 3 49
33 32 31 9 1
34 3 48
35 38 37 6 9 46
36 45 0
37 9 1 3 8 23
38 30 6 9 41
39 49 3 1 9 46
40 46 9 6 30
41 30 2 3 49
42 48 3 6 16
43 26 24 8 34 47
44 24 2 0 17
45 22 14 1 15
46 49 3 2 39
47 19 2 39
48 43 0 14 22
49 10 1 3
50 38 24 2 0 45
51 13 29 46 47
52 18 5 0 29 33
53 7 0 5
54 0 2 24 38
55 36 10 13
56 41 9 1 14
57 48 0 4 31
58 23 8 24
59 33 14 1 3 27
60 30 2 3 49
61 46 9 41
62 23 7 0 43
63 45 0
64 3 1 9 36
65 0 1 15
66 41 9 46 29
67 49 14 33
68 14 1 9 36
69 7 2 39
70 37 2 0 1 15
71 7 2 39
72 18 9 1 10
73 24 2 6
74 34 19 2 37
75 27 3 2 30 32
76 3 2 30 32
77 17 0 5 18
78 43 0 5 18
79 46 9 12
80 41 37 2 25 28
81 14 0 2 30
82 26 14 35
83 45 0 14 49
84 44 0 1 9
85 9 1
86 48 0 43
87 23 8 3 1
88 27 5 0 17
89 38 24 8 40
90 43 2 13
91 6 2 24 26
92 15 1 0 43
93 21 1 3 27
94 42 2 7 23
95 40 8 4 0 44
96 47 34 8 24 26
97 6 37 38
98 29 46 47 34
99 22 8 4 31 32
100 19 2 43
101 18 9 46
102 10 0 2 30 32
103 27 3 2 39
104 11 2 37
105 7 0 5 18
106 0 2 6
107 40 8 4 0
108 20 0 29
109 6 9 31
110 3 48
111 42 2 6
112 9 6 2 24
113 35 0 1 12
114 35 0
115 8 3 49
116 17 0 4 8 34
117 24 2 42
118 33 29 0 10
119 36 9 1 3 8
120 2 6
121 17 0 2
122 33 14 35
123 4 0 29 33
124 36 10 0 2 24
125 39 16 9 18
126 14 22 8 34
127 6 3 49
128 4 31 9 16
129 31 9 16 39
130 3 20
131 23 7 0 43
132 47 34 8 3 27
133 18 5 0 7
134 38 24 26
135 14 22 8 34 47
136 40 8 3 49
137 9 12 45
138 6 37 38
139 42 2 6 16
140 22 14 49
141 15 1 3
142 5 4 8
143 1 0
144 10 0 14
145 22 14 1 15
146 10 0 45
147 37 2 0 29 33
148 42 2 11
149 7 0 1 9
16
8 3 7 7 3 3 9 9 9 3 8 5 2 8 5 7
4
0 : 0 : 1 : 2 : 3 : 0 1 : 0 2 : 0 3 : 1 2 : 1 3 : 2 3 : 0 1 2 : 0 1 3 : 0 2 3 : 1 2 3 : 0 1 2 3
1 : 4 : 5 : 6 : 7 : 4 5 : 4 6 : 4 7 : 5 6 : 5 7 : 6 7 : 4 5 6 : 4 5 7 : 4 6 7 : 5 6 7 : 4 5 6 7
2 : 8 : 9 : 10 : 11 : 8 9 : 8 10 : 8 11 : 9 10 : 9 11 : 10 11 : 8 9 10 : 8 9 11 : 8 10 11 : 9 10 11 : 8 9 10 11
3 : 12 : 13 : 14 : 15 : 12 13 : 12 14 : 12 15 : 13 14 : 13 15 : 14 15 : 12 13 14 : 12 13 15 : 12 14 15 : 13 14 15 : 12 13 14 15
100
0 106 143 117 73 129 161 192 134 52 183 93 197 76 150 135
1 177 175 93 114 65 184 70 136 152 170 142 96 185 139 59
2 141 170 75 135 200 165 138 52 100 154 168 83 86 137 134
3 133 127 85 198 57 141 141 153 160 171 193 71 75 128 127
0 1 6
1 2 8 14
2 0 4 5 6 9 10 11 14 15
3 0 1 2 4 5 6 7 9 11 12 13 14 15
4 1 2 4 8 10 11 13
5 1 3 4 8 9 10 13 15
6 4 11
7 0 1 3 4 6 7 8 11 12 13 15
8 0 2 7 12 13 15
9 0 1 3 4 5 6 7 8 9 10 11 12 14 15
10 0 1 2 3 4 5 6 7 8 9 10 11 13 14 15
11 4 6 7 9 12 13 14
12 1 2 3 4 7 8 9 10 15
13 1 4 5 6 8 9 12 14 15
14 3
15 0 1 3 8 9 10 11 13 14 15
16 0 2 5 6 8 9 10 13 14
17 0 1 2 3 4 6 7 8 9 10 11
18 1 7 9 10 11 12 13 14 15
19 1 2 10 13
20 4 6 7 8 9 10 11
21 1 2 3 4 5 6 7 8 9 10 11 12 13 14 15
22 0 1 2 4 5 6 7 8 9 10 11 12 13 15
23 0 1 2 4 5 6 7 8 9 10 11 12 14
24 0 1 2 3 4 5 6 7 8 9 10 11 12 13 14 15
25 0 2 6 7 8 9 10 12 13
26 1 2 5 6 7 8 9 10 11 12 13 14
27 0 6
28 4 9 10 14
29 1 3 4 5 9 10 11 13 14
30 0 1 2 7 10 13 15
31 0 1 2 3 4 5 6 7 8 9 10 11 13 14 15
32 0 2 3 5 7 8 9 10 13 14
33 4 5
34 1 2 3 4 5 6 8 9 10 11 13 14 15
35 0 3 8 13
36 5 8 11 15
37 0 1 2 3 4 5 6 7 8 9 11 12 13 14 15
38 0 1 2 3 4 5 6 7 8 9 10 11 12 13 15
39 2 4 6 7 10 11 12
40 0 1 2 5 7 8 9 10 11 12 13 14 15
41 0 1 5 6 7 9 10 11 12 13 14 15
42 1 3 4 7 10 14 15
43 0 1 2 3 4 5 6 7 8 9 12 13 14 15
44 1 3 8 9 10
45 0 1 2 3 4 5 6 7 8 9 10 11 12 13 14 15
46 1 2 4 5 6 9 10 11 12 13
47 0 1 3 4 11 12 13 15
48 6 7 8 9 11
49 0 1 2 3 5 6 8 9 10 11 12 13 14 15
