100
400
45 22 53 26 58 59 38 58 24 40 60 25 48 51 33 60 60 23 51 46 55 20 34 25 37 52 32 59 31 50 24 44 32 58 41 52 56 30 41 25 36 60 57 25 50 54 39 49 22 37 51 42 22 53 21 59 30 30 40 54 24 47 24 45 33 54 43 28 24 45 53 47 54 36 22 20 21 45 28 58 49 57 31 50 36 27 27 53 55 45 24 38 54 36 42 41 21 25 50 40 48 28 56 35 45 46 40 45 47 21 55 58 48 35 48 34 52 21 37 50 57 57 60 37 46 21 52 55 28 29 39 21 42 22 25 50 23 60 21 52 22 60 44 57 40 58 22 41 57 49 41 44 27 51 56 51 43 28 45 42 46 47 25 57 46 25 59 35 43 43 44 26 59 58 39 20 28 57 21 22 27 34 24 25 36 47 34 35 27 50 41 56 39 55 20 56 27 29 25 40 22 45 48 55 34 38 29 32 44 20 46 57 38 52 34 23 37 60 41 42 40 43 31 54 43 25 59 36 29 20 56 28 31 28 59 34 50 28 42 26 57 52 24 51 49 43 48 50 57 53 48 24 25 54 33 45 54 45 54 52 51 38 44 22 26 22 46 22 30 27 34 31 25 31 33 47 46 57 23 28 45 44 22 59 54 28 26 58 23 20 35 48 60 32 36 46 42 21 26 52 35 43 41 49 20 28 58 51 60 55 36 54 44 34 35 20 28 32 29 26 55 20 47 24 49 26 38 34 48 27 33 60 26 38 54 25 33 38 24 32 47 60 38 26 21 43 55 53 57 51 59 48 44 50 55 37 58 56 46 29 51 60 20 53 36 49 43 29 60 50 38 33 29 30 50 20 55 48 45 38 24 58 44 57 57 33 34 41 29 38 32 25 45 41 36 38 41 51 34 60
0 45 0 4 31
1 21 1 15 90
2 75 0 77 28 67
3 84 34 8 22
4 15 1 0 2 19
5 32 30 2 7 70
6 72 17 0 35
7 6 9 31
8 20 0 7 53
9 88 56 6 16
10 62 2 39
11 52 43 2 42
12 96 56 6 2 13
13 70 7 2 68
14 69 3 1 14 99
15 15 1 0 35
16 23 8 3
17 70 7 2 87
18 32 31 4 8 79
19 20 0 2 24
20 41 37 2 24 66
21 28 77 0 95
22 5 0 2 37
23 90 15 10 25
24 8 3 1 15
25 83 17 14 56 88
26 90 75 24 60
27 66 24 2 30 32
28 69 3 2 30 82
29 64 1 10
30 66 10 0 45
31 0 48
32 37 2 3 27
33 14 44 71
34 54 3 69
35 14 26 24 57
36 92 52 8 86
37 34 8 79 44 61
38 97 2 7 70
39 51 48 0 14 56
40 39 16 9 1 21
41 19 2 3 27
42 19 2 0 20
43 65 14 1 3 28
44 76 2 30 82
45 99 14 1 3 59
46 37 2 19 81
47 47 46 9 6
48 97 2 0 45
49 76 2 6 9 36
50 32 31 9 46
51 95 2 19 34
52 42 2 95
53 86 8 4 64
54 28 3 27
55 12 1 0 7
56 0 1 94
57 36 10 0 77
58 34 19 2 13
59 79 44 0 11
60 52 8 22 14 33
61 47 34 19 2 30
62 55 29 0 95 98
63 71 44 0 77
64 82 30 2 7 70
65 13 50
66 70 7 2 30
67 43 2 24 60
68 93 19 2 0 1 15
69 4 2 6 67
70 31 9 6 37
71 21 1 0 2 19 93
72 0 2 37
73 51 48 0 5 18
74 28 3 6 16
75 60 24 2 19 81
76 86 8
77 91 0 2 76
78 35 0 17 74
79 28 3 2 87
80 15 1 80
81 60 8 34 47 46
82 0 1 64
83 36 89 24 38
84 52 43 2 30
85 9 1 3
86 96 56 14 62
87 30 2 4
88 97 2 3 8 83
89 17 0 2 19 93
90 46 29 0 48
91 4 2
92 75 90
93 58 17 14 22
94 29 0 2 30
95 53 7 51
96 55 29 0 7 53
97 38 24 8 22
98 85 3 1
99 68 2 3 27
100 33 29 0 2 37
101 48 0 20
102 26 24 2 19 81
103 82 38 24 8 83
104 10 0 77 84
105 70 7 2 19 81
106 90 15 1 80
107 9 16 39
108 54 3 8 79
109 18 5 4 19 93
110 52 8 79
111 32 30 2 0 14 99
112 76 2 0 20
113 28 77 0 75
114 69 3 1 14 70
115 36 10 66
116 39 16 9 73
117 97 2 39 61
118 2 0 44
119 56 14 0 77 84
120 86 8 3 2 25
121 97 94 1
122 7 0 1 64
123 73 9 6 2 19
124 57 24 2 3 85
125 53 7 2 42
126 40 8 52
127 72 17 0 2 76
128 48 3 8 53
129 9 36 89 99
130 94 1 9 16
131 40 8 22 14 56 88
132 83 17 58
133 4 0 10
134 39 2 0 5
135 14 0 2 30
136 13 29
137 55 29 46 47 34
138 50 29 0 75
139 92 44 0 5 18
140 81 19 2 0 14 99
141 67 6 2 24
142 1 0
143 38 24 2 97
144 60 8 3 27
145 3 1 9 73
146 61 44 79 8 40
147 5 0 2 24
148 16 6 30 32
149 33 14 56
150 88 56 14 0 75 90
151 77 0 4
152 73 9 1 0 48
153 58 26 24 38 82
154 38 24 2 13 50
155 79 44 0 2 97
156 81 19 2 3 69
157 72 8 24 75 90
158 99 14 1 3 85
159 91 0 7 53
160 33 14 56 6
161 52 8 24 38 78
162 1 0 29
163 74 17 72 8 34 47
164 70 14 0 95
165 54 6 30 32 55
166 15 1 3 8 60
167 4 8 60
168 33 14 1 9 73
169 51 7 2 24 66
170 16 6 3
171 73 9 1 0 95
172 45 0 2 76
173 63 0 20
174 80 1 0
175 64 1 0 29
176 19 2 25 28
177 79 44 0 2 76
178 76 2 7 94
179 80 10 66 24 38
180 11 0
181 46 29 55
182 48 3 8 24 89
183 31 9 41
184 9 1 3 85
185 81 19 93
186 1 10
187 38 24 8 34 84
188 95 0 44 61
189 57 24 2 3 27
190 51 48 0 1 12
191 51 48 0 77 84
192 5 18 9 46
193 74 17 72
194 32 30 2 3 27
195 27 3 2 39
196 24 57 16
197 19 2 0 10
198 8 24 89 99
199 17 74
200 65 14 22 8
201 33 29 46 47
202 59 3 69
203 24 66 10 80
204 37 6 9 73
205 51 48 3 49
206 90 15
207 74 17 0 1 94
208 87 2 3
209 50 13 2
210 18 5 0 14 70
211 20 3 8 24 38
212 9 6 37 38
213 87 2 0 45
214 4 8 34 84
215 72 17 14 21 78
216 63 0 1 64
217 12 1 0 2 19
218 34 19 2 62
219 26 24 60
220 70 14 0 5
221 9 1 0 7
222 60 24 2 37 41
223 95 2 6
224 15 1 0 20
225 35 14 56 88
226 77 28 3 54
227 59 3 2 76
228 38 24 2 95 98
229 17 0 2 6
230 62 2 0 5
231 38 78 21 1
232 3 1 80
233 39 16 9 1
234 43 2 62 88
235 55 29 0 2 68
236 22 8 52
237 83 8 3 2
238 32 30 2 68
239 84 34 8 3 49
240 9 46 47 34
241 76 2 24 75 90
242 73 9 31 4
243 0 17
244 43 2 42
245 70 7 2 42
246 91 0 2 24 57
247 96 56 14 0 7 23
248 8 23 93
249 58 26 24 8 52
250 99 14 1 9 41
251 64 1 14 62
252 33 14 99 89
253 95 0 4 8
254 79 44 0 1 9
255 2 42
256 67 6 9
257 0 1 3
258 70 7 2 30
259 23 8 3 54
260 19 2 37 41
261 54 3 1 0 35
262 75 0 4 85
263 8 4 5
264 74 37 6
265 21 1 0 5
266 94 7 2 30 82
267 94 1 9
268 62 14 49
269 7 0 63
270 14 17 83
271 79 8 24 38 82
272 69 50 13 10
273 34 8 79 44
274 1 14 56 96
275 35 0 29 55
276 76 2 0 1
277 28 3 27 5
278 87 2 3 49
279 86 8 4 0 35
280 82 30 6 9
281 25 2 62
282 9 1 0 44 92
283 10 0 77
284 26 24 8 3 85
285 53 7 2 68
286 11 0 14 26
287 2 7 70
288 3 1 0 45
289 66 10 0 44 71
290 9 6 54
291 6 9 36 98
292 34 8 52 92
293 28 3 8 34 47
294 5 0 7
295 79 44 0 91
296 87 2 24 57
297 41 9 31 4
298 34 8 24 57
299 81 31 9 12
300 11 2 24 38
301 42 2 3 8
302 51 48 0 95
303 43 2 42
304 93 19 34 84
305 73 9 1 0 17 58
306 57 24 2 19
307 3 1 14 99
308 23 7 0 95 98
309 54 3 8 24 75
310 31 9 6 37
311 31 4 0
312 90 75
313 2 0 1 15
314 51 48 3 8 34 47
315 13 29 46
316 48 0 2 25
317 78 21 1 0 29 55
318 15 10 66 24 38 82
319 1 14 99
320 25 2 3 69
321 89 24 66
322 73 9 1 14 65
323 18 9 6 67
324 27 3 6 67
325 29 0 2 24 60
326 25 2 37 74
327 33 29 0 2
328 16 9 46 47
329 29 0 2 30
330 38 24 2 0 35
331 89 24 2
332 28 3 8 40
333 90 75 0 4
334 71 5 18 9 41
335 38 24 8 4
336 51 48 0 77
337 47 46 9 6
338 93 19 2 6 9 73
339 6 2 24 75
340 4 8 40
341 7 0 1 21
342 31 9 6 37 74
343 54 6 30 32 55
344 40 8 3 2 68
345 32 31 9 1 80
346 82 38 24 66
347 62 2 25
348 56 14 99
349 3 1 0 44
350 66 10 0 77
351 78 38 24 8 52
352 4 0 29
353 18 9 16
354 88 56 14 17 58
355 64 4 8 24 38
356 96 56 14 0 95
357 31 9 1 14 33
358 39 2 42
359 87 2 4 64
360 32 31 9 12
361 14 62
362 93 19 2 3 27
363 52 8 22 14 65
364 35 0 2 76
365 37 2 3 28
366 84 77 0 1 94
367 4 0 14 56 96
368 62 14 99
369 79 8 4 19
370 67 6 2 39
371 43 0 20
372 11 2 37
373 81 19 34 40
374 15 1 64
375 71 44 0 29 55
376 29 0 4 8 40
377 39 16 9 1 21
378 54 3 48
379 66 24 75
380 50 69 3
381 61 44 0 91
382 6 56 88
383 15 1 0
384 5 0 2 6 67
385 66 10 0 29 33
386 44 0 29 50
387 97 2 3 28
388 22 8 23 93
389 90 75 24 8 34 47
390 52 43 0 35
391 76 2 68
392 2 24 75 90
393 73 9 1 14 65
394 78 38 24 8 23
395 94 1 0 75
396 30 2 68
397 37 41
398 48 3 8 53
399 47 34 8 23
12
17 29 16 13 11 26 22 12 22 24 29 15
6
0 : 8 0 : 3 11 : 1 4 : 9 10 : 7 6
1 : 2 0 : 3 6 : 8 1
2 : 1 8 : 6 7 : 3 5 : 4 11 : 2 9
3 : 7 9 : 4 0 : 8 11
4 : 5 4 : 1 6 : 10 0 : 3 11 : 7 2
5 : 6 3 : 0 1 : 5 7 : 2 11
100
0 184 185 91 61 196
1 185 185 190
2 103 76 165 68 116
3 63 144 125
4 192 75 141 115 119
5 123 90 109 105
0 0 1 3 7 8
1 0 4 5 6 7 8 10
2 6 7 9 10 11
3 1 2 3 4 5 6 7 8 9 10 11
4 0 1 2 3 4 5 6 7 8 9 10 11
5 0 1 2 3 4 6 8 9 10 11
6 0 2 3 4 5 6 8 9 10 11
7 2 7
8 0 1 3 4 6 7 8 11
9 2 10
10 1 2 3 4 5 6 7 8 9 10
11 1 2 3 4 5 7 8
12 0 1 2 3 4 5 6 7 8 9 10 11
13 0 1 2 5 6 7 8 9 10 11
14 1 2 4 5 8 11
15 0 3 7 10
16 0 2 3 4 5 7 8 10 11
17 0 2 3 5 6 7 8 9 10 11
18 2 6 7 8
19 5 6 8 9
20 0 2 3 5 6 7 8 9 10
21 0 3 9 10 11
22 4 5 9
23 0 1 2 4 5 6 7 8 9 10 11
24 0 1 7 9
25 1 6 9 10
26 0 2 3 4 6 7 8 9 10
27 0 1 2 4 6 7 8
28 0 2 3 5 6 7 8 9 10 11
29 2 3 4 8 9 10 11
30 0 1 7 9
31 1 5 7 8 9
32 1 3 4 5 6 7 8 10 11
33 0 1 3 4 5 7 8 9 10 11
34 1 2 3 7 9
35 0 1 3 5 7 8 11
36 0 1 2 3 4 5 6 7 8 9 10 11
37 0 1 2 8 9 10 11
38 0 2 7 8 9 10 11
39 0 1 2 3
40 3 4 7
41 0 1 2 4 5 6 8 10
42 0 2 3 4 5 6 7 8 9 10 11
43 3 8
44 0 1 3 4 5 6 7 8 9 10 11
45 0 2 3 4 5 6 8 9 10
46 2 3 5 7 9 10
47 0 1 3
48 0 2 3 4 5 6 7 8 9 10
49 1 2 3 5 8 10 11
50 1 3 8 9 10
51 0 1 4 5 6 9 11
52 1 6 9 11
53 0 1 2 3 4 5 6 7 8 9 10 11
54 5 8 9 10
55 5 10
56 0 1 3 4 5 7 9 10 11
57 2 5 9 10
58 0 2 4 6 8 9 10
59 0 1 2 3 4 5 6 7 9 10 11
60 0 3 5 6 7
61 0 1 7
62 0 1 2 3 4 5 6 7 8 10 11
63 1 4 5 9
64 0 2 4 6 9
65 1 2 3 4 6 7 8 9 10 11
66 1 2 9 10
67 2 7 8 9 10 11
68 1 2 3 4 6 7 8 9 10
69 0 4 6 7
70 1 4 5 9 11
71 1 5 10 11
72 4 9 10
73 2 3 5
74 0 1 2 3 4 7 8 9 11
75 2 6
76 1 2 5 7 8 10 11
77 0 1 2 3 4 5 6 10 11
78 1 4 5 8 9
79 0 1 2 4 5 8 9 10
80 0 1 3 8 9 10
81 1 2 3 4 5 6 7 8 9 10 11
82 0 1 2 3 5 6 7 8 9 10
83 7 9
84 0 3
85 0 1 2 3 4 5 6 7 8 9 10 11
86 4 9 11
87 1 2 5 6
88 0 1 2 3 4 6 8 9 10 11
89 0 1 2 3 4 5 6 7 8 9 10 11
90 0 2 3 4
91 0 1 2 3 4 5 6 7 8 9 10 11
92 3 6 9
93 0 1 2 3 4 5 6 7 8 9 10 11
94 6 7 9
95 0 1 2 3 4 5 8 9 10 11
96 0 2 3 4 5 6 7 8 9 11
97 1 8
98 0 1 2 3 4 5 6 7 8 9 10 11
99 1 3 6 8
