200
22 45 48 55 34 38 29 32 44 20 46 57 38 52 34 23 37 60 41 42 40 43 31 54 43 25 59 36 29 20 56 28 31 28 59 34 50 28 42 26 57 52 24 51 49 43 48 50 57 53 48 24 25 54 33 45 54 45 54 52 51 38 44 22 26 22 46 22 30 27 34 31 25 31 33 47 46 57 23 28 45 44 22 59 54 28 26 58 23 20 35 48 60 32 36 46 42 21 26 52 35 43 41 49 20 28 58 51 60 55 36 54 44 34 35 20 28 32 29 26 55 20 47 24 49 26 38 34 48 27 33 60 26 38 54 25 33 38 24 32 47 60 38 26 21 43 55 53 57 51 59 48 44 50 55 37 58 56 46 29 51 60 20 53 36 49 43 29 60 50 38 33 29 30 50 20 55 48 45 38 24 58 44 57 57 33 34 41 29 38 32 25 45 41 36 38 41 51 34 60 
65 8
33 47
59 69
24 80
37 73
51 49
90 15
74 94
87 3
50 2
18 70
20 38
9 38
87 45
4 84
72 78
63 64
12 19
34 62
26 60
70 5
9 7
60 41
95 6
15 20
35 88
77 54
59 76
38 98
17 6
62 5
38 1
3 80
39 1
43 88
55 68
22 52
83 2
32 68
84 49
9 34
76 90
73 4
0 17
43 42
70 42
91 57
96 23
8 93
58 52
99 41
64 62
33 89
95 8
79 9
2 42
67 9
0 3
70 30
23 54
19 41
54 35
75 85
8 5
74 6
21 5
94 82
94 9
62 49
7 63
14 83
79 82
69 10
34 44
1 96
35 55
76 1
28 5
87 49
86 35
82 9
25 62
9 92
10 77
26 85
53 68
11 26
2 70
3 45
66 71
9 54
6 98
34 92
28 47
5 7
79 91
87 57
41 4
34 57
81 12
11 38
42 8
51 95
43 42
93 84
73 58
57 19
3 99
23 98
54 75
31 37
31 0
90 75
2 15
51 47
13 46
48 25
78 55
15 82
1 99
25 69
89 66
73 65
18 67
27 67
29 60
25 74
33 2
16 47
29 30
38 35
89 2
28 40
90 4
71 41
38 4
51 77
47 6
93 73
6 75
4 40
7 21
31 74
54 55
40 68
32 80
82 66
62 25
56 99
3 44
66 77
78 52
4 29
18 16
88 58
64 38
96 95
31 33
39 42
87 64
32 12
14 62
93 27
52 65
35 76
37 28
84 94
4 96
62 99
79 19
67 39
43 20
11 37
81 40
15 64
71 55
29 40
39 21
54 48
66 75
50 3
61 91
6 88
15 0
5 67
66 33
44 50
97 28
22 93
90 47
52 35
76 68
2 90
73 65
78 23
94 75
30 68
37 41
48 53
47 23
10
392
0 1
1 0
0 2
2 0
0 4
4 0
0 5
5 0
0 7
7 0
0 10
10 0
0 11
11 0
0 14
14 0
0 17
17 0
0 20
20 0
0 29
29 0
0 35
35 0
0 43
43 0
0 44
44 0
0 45
45 0
0 48
48 0
0 63
63 0
0 75
75 0
0 77
77 0
0 91
91 0
0 95
95 0
1 3
3 1
1 9
9 1
1 10
10 1
1 12
12 1
1 14
14 1
1 15
15 1
1 21
21 1
1 64
64 1
1 80
80 1
1 94
94 1
2 3
3 2
2 4
4 2
2 6
6 2
2 7
7 2
2 11
11 2
2 13
13 2
2 19
19 2
2 24
24 2
2 25
25 2
2 30
30 2
2 37
37 2
2 39
39 2
2 42
42 2
2 43
43 2
2 62
62 2
2 68
68 2
2 76
76 2
2 87
87 2
2 95
95 2
2 97
97 2
3 6
6 3
3 8
8 3
3 20
20 3
3 27
27 3
3 28
28 3
3 48
48 3
3 49
49 3
3 54
54 3
3 59
59 3
3 69
69 3
3 85
85 3
4 5
5 4
4 8
8 4
4 19
19 4
4 31
31 4
4 64
64 4
4 85
85 4
5 18
18 5
5 27
27 5
5 71
71 5
6 9
9 6
6 16
16 6
6 30
30 6
6 37
37 6
6 54
54 6
6 56
56 6
6 67
67 6
7 23
23 7
7 51
51 7
7 53
53 7
7 70
70 7
7 94
94 7
8 22
22 8
8 23
23 8
8 24
24 8
8 34
34 8
8 40
40 8
8 52
52 8
8 53
53 8
8 60
60 8
8 72
72 8
8 79
79 8
8 83
83 8
8 86
86 8
9 12
12 9
9 16
16 9
9 18
18 9
9 31
31 9
9 36
36 9
9 41
41 9
9 46
46 9
9 73
73 9
10 13
13 10
10 15
15 10
10 25
25 10
10 36
36 10
10 66
66 10
10 80
80 10
12 45
45 12
13 29
29 13
13 50
50 13
13 59
59 13
14 17
17 14
14 21
21 14
14 22
22 14
14 26
26 14
14 33
33 14
14 35
35 14
14 44
44 14
14 49
49 14
14 56
56 14
14 62
62 14
14 65
65 14
14 70
70 14
14 99
99 14
15 90
90 15
16 39
39 16
16 57
57 16
17 58
58 17
17 72
72 17
17 74
74 17
17 83
83 17
19 34
34 19
19 42
42 19
19 81
81 19
19 87
87 19
19 93
93 19
21 78
78 21
23 93
93 23
24 26
26 24
24 38
38 24
24 57
57 24
24 60
60 24
24 63
63 24
24 66
66 24
24 75
75 24
24 89
89 24
25 28
28 25
26 58
58 26
28 67
67 28
28 77
77 28
28 91
91 28
29 33
33 29
29 46
46 29
29 50
50 29
29 55
55 29
30 32
32 30
30 82
82 30
31 32
32 31
31 81
81 31
32 55
55 32
34 40
40 34
34 47
47 34
34 84
84 34
36 89
89 36
36 98
98 36
37 38
38 37
37 41
41 37
37 74
74 37
38 78
78 38
38 82
82 38
38 86
86 38
39 61
61 39
39 68
68 39
39 76
76 39
43 52
52 43
44 61
61 44
44 71
71 44
44 79
79 44
44 92
92 44
46 47
47 46
48 51
51 48
50 69
69 50
52 92
92 52
56 88
88 56
56 96
96 56
61 65
65 61
62 88
88 62
67 73
73 67
74 96
96 74
75 90
90 75
77 84
84 77
89 99
99 89
94 97
97 94
95 98
98 95
